169
0.16053199768066406
0.14411121606826782
0.13362880051136017
0.27613088488578796
0.07699329406023026
0.2693263590335846
0.2834357023239136
0.36730021238327026
0.18778863549232483
0.5158282518386841
0.14570166170597076
0.15681733191013336
0.23406775295734406
0.15513737499713898
0.17408962547779083
0.24700619280338287
0.4182485044002533
0.07804196327924728
0.08407086133956909
0.2203122228384018
0.0911884680390358
0.1013379916548729
0.10196424275636673
0.09547790884971619
0.20056144893169403
0.15824683010578156
0.1474880427122116
0.12424001097679138
0.07958511263132095
0.2665238082408905
0.2713726758956909
0.1376698911190033
0.312103271484375
0.07040491700172424
0.1403929442167282
0.0705154538154602
0.12605813145637512
0.19996042549610138
0.11947092413902283
0.13862614333629608
0.20857937633991241
0.2722417712211609
0.34954825043678284
0.1740257441997528
0.1822797656059265
0.15441803634166718
0.07640516757965088
0.06821349263191223
0.12393132597208023
0.17178508639335632
0.35385528206825256
0.2589516341686249
0.5651996731758118
0.34478896856307983
0.3117746412754059
0.4469110369682312
0.49965524673461914
0.47107839584350586
0.6463083624839783
0.1654859185218811
0.17457474768161774
0.22941121459007263
0.49684154987335205
0.2308603972196579
0.14133532345294952
0.2413819283246994
0.13373619318008423
0.20732013881206512
0.2273932248353958
0.39887720346450806
0.8488035202026367
0.8456723690032959
0.7690940499305725
0.7281492948532104
0.8034617304801941
0.8018118143081665
0.8311771750450134
0.8451811671257019
0.7516906261444092
0.21050025522708893
0.3565080761909485
0.2553384602069855
0.5609330534934998
0.3479369878768921
0.30539509654045105
0.4978000521659851
0.7752142548561096
0.49603474140167236
0.21701526641845703
0.22103729844093323
0.2794593870639801
0.5608407258987427
0.2745937407016754
0.6615464687347412
0.1817072629928589
0.31521159410476685
0.1709933876991272
0.27905529737472534
0.2298334836959839
0.4794757068157196
0.4097920060157776
0.4956810176372528
0.690015971660614
0.4094065725803375
0.5120876431465149
0.40648332238197327
0.5090441107749939
0.396826833486557
0.5562988519668579
0.6389800906181335
0.39708516001701355
0.6476114392280579
0.3764227032661438
0.503106951713562
0.3376530110836029
0.5134175419807434
0.6947532296180725
0.41832849383354187
0.5244179964065552
0.6111645698547363
0.330893337726593
0.4765540361404419
0.557610809803009
0.33111295104026794
0.6170104146003723
0.5221261382102966
0.6513961553573608
0.4583282470703125
0.46959546208381653
0.513054609298706
0.5231457948684692
0.5832225680351257
0.6040851473808289
0.3558887541294098
0.5324432253837585
0.5373748540878296
0.4308311343193054
0.6130027174949646
0.6154272556304932
0.44332072138786316
0.6281474232673645
0.45402684807777405
0.37412071228027344
0.4396522045135498
0.48282477259635925
0.6364585757255554
0.40245872735977173
0.3927338421344757
0.5984582901000977
0.315792441368103
0.3753015697002411
0.48264458775520325
0.47852256894111633
0.7561556696891785
0.3616792559623718
0.5480982065200806
0.4019700288772583
0.5974118113517761
0.4912363290786743
0.553787887096405
0.5733106136322021
0.8052145838737488
0.40553221106529236
0.8074747323989868
0.8395605087280273
0.8409596085548401
0.789695680141449
0.7431204319000244
0.8408709764480591
