149
0.12421868741512299
0.33635765314102173
0.2296086847782135
0.3053815960884094
0.22963553667068481
0.10717688500881195
0.1278640478849411
0.13868588209152222
0.1387462466955185
0.15410783886909485
0.1674419641494751
0.16754812002182007
0.10840890556573868
0.11737445741891861
0.1484978348016739
0.15202546119689941
0.14617294073104858
0.18580828607082367
0.11146004498004913
0.3056047856807709
0.2608397603034973
0.1111675351858139
0.28196656703948975
0.2471819519996643
0.27633485198020935
0.2864212989807129
0.2652932405471802
0.3463108241558075
0.08034566789865494
0.2997325360774994
0.12194062769412994
0.2784441411495209
0.07445196062326431
0.2946932017803192
0.2913869023323059
0.08745995163917542
0.08294583857059479
0.09075755625963211
0.08351391553878784
0.07743427157402039
0.08488603681325912
0.10786349326372147
0.0698566809296608
0.0771951973438263
0.09753163158893585
0.0744590237736702
0.28536996245384216
0.26613643765449524
0.07202307879924774
0.2653259038925171
0.24441663920879364
0.37484773993492126
0.24832837283611298
0.26552700996398926
0.42548733949661255
0.3672913908958435
0.4554521143436432
0.3973716199398041
0.19859862327575684
0.2772449851036072
0.5027434229850769
0.5162226557731628
0.48065730929374695
0.465114027261734
0.39915233850479126
0.8137719631195068
0.8432015776634216
0.8278244137763977
0.5683913826942444
0.7539660930633545
0.7901727557182312
0.8089728355407715
0.5125241875648499
0.44797271490097046
0.4707930386066437
0.41273176670074463
0.26564833521842957
0.30857357382774353
0.5732372403144836
0.5578674674034119
0.5276169180870056
0.5208030939102173
0.5263964533805847
0.5193536281585693
0.4506770968437195
0.454732209444046
0.328713983297348
0.637606143951416
0.6702980995178223
0.5165324211120605
0.62022864818573
0.5939425230026245
0.6525058746337891
0.6257646679878235
0.6276214122772217
0.49467214941978455
0.681291401386261
0.5672060251235962
0.6701704263687134
0.595604419708252
0.7116105556488037
0.7493574023246765
0.7159546613693237
0.6618903279304504
0.610561192035675
0.6198634505271912
0.6834670901298523
0.6085536479949951
0.6045961380004883
0.6389725208282471
0.6166238188743591
0.5872818827629089
0.4139552712440491
0.6468594670295715
0.49363476037979126
0.6313509941101074
0.5025846362113953
0.7191726565361023
0.6395072937011719
0.5416280031204224
0.5873415470123291
0.5385898947715759
0.5312705636024475
0.5126967430114746
0.5421932339668274
0.5983322858810425
0.6174854636192322
0.582745373249054
0.5248093605041504
0.5833120346069336
0.6319943070411682
0.5239788293838501
0.5000566244125366
0.588972806930542
0.5774368643760681
0.5288122296333313
0.3826029598712921
0.6205039024353027
0.5197994112968445
0.5968068242073059
0.7181200981140137
0.7481998801231384
0.5006887316703796
0.6939486861228943
0.6575937867164612
0.6544519662857056
0.8110125064849854
0.8071627616882324
0.7979282140731812
