64
0.3177972137928009
0.2685873210430145
0.2883000075817108
0.2881409823894501
0.3137352466583252
0.11258968710899353
0.36906689405441284
0.3327372968196869
0.16235357522964478
0.289576917886734
0.26128944754600525
0.32893985509872437
0.37580472230911255
0.3707004189491272
0.361500084400177
0.3301450312137604
0.2639002501964569
0.29920104146003723
0.08061473071575165
0.0901833325624466
0.27570685744285583
0.2865005433559418
0.20526684820652008
0.4121014177799225
0.1909099817276001
0.4757571518421173
0.3435255289077759
0.25561198592185974
0.36559608578681946
0.3277169466018677
0.35310909152030945
0.8207072615623474
0.7798535823822021
0.27855411171913147
0.3211088180541992
0.5113875865936279
0.21764229238033295
0.5196208953857422
0.3815988302230835
0.2971726059913635
0.4156973659992218
0.46464434266090393
0.4147087037563324
0.44183915853500366
0.6347023844718933
0.5848069787025452
0.44068193435668945
0.5630490183830261
0.6821075677871704
0.5425172448158264
0.4829294979572296
0.3638974726200104
0.48194169998168945
0.3609011471271515
0.5533623695373535
0.6367155909538269
0.520575761795044
0.430702805519104
0.44429802894592285
0.5218926072120667
0.43011006712913513
0.5392083525657654
0.7321144342422485
0.7748815417289734
