185
0.18399038910865784
0.3743394911289215
0.3287709653377533
0.20664022862911224
0.4054286777973175
0.37024062871932983
0.2513243556022644
0.2681995630264282
0.18611682951450348
0.20228779315948486
0.299296110868454
0.2944270968437195
0.31224730610847473
0.2938612699508667
0.16224700212478638
0.2895355224609375
0.22819040715694427
0.2534914016723633
0.24684099853038788
0.2460516095161438
0.2330855131149292
0.28275394439697266
0.2157091498374939
0.21512389183044434
0.2431185245513916
0.34340357780456543
0.21118542551994324
0.17963825166225433
0.3222595453262329
0.26848340034484863
0.20277678966522217
0.0828276053071022
0.2544330656528473
0.1718040257692337
0.25178349018096924
0.1000576913356781
0.18055613338947296
0.2461543083190918
0.2988691031932831
0.19396507740020752
0.4171350598335266
0.31693220138549805
0.5041807889938354
0.38472577929496765
0.5988173484802246
0.4727964997291565
0.20819830894470215
0.22258596122264862
0.22008083760738373
0.45682430267333984
0.18597282469272614
0.26787418127059937
0.4472099542617798
0.71318519115448
0.7938513159751892
0.8218700885772705
0.8252381682395935
0.826177179813385
0.8397985100746155
0.7908096313476562
0.7959285974502563
0.8234716653823853
0.7836633920669556
0.7950474619865417
0.5958129167556763
0.4757625460624695
0.5042418241500854
0.38757985830307007
0.3885572850704193
0.45368969440460205
0.3456120491027832
0.5798972845077515
0.3123008608818054
0.3093334436416626
0.3996780812740326
0.3931480944156647
0.43374261260032654
0.20311760902404785
0.3034137189388275
0.3966868221759796
0.48897746205329895
0.5442326068878174
0.5413933396339417
0.6456878185272217
0.6364981532096863
0.5389804840087891
0.5264685153961182
0.48383671045303345
0.4719158411026001
0.5428037047386169
0.5666896104812622
0.502823531627655
0.5691742897033691
0.6333820819854736
0.6574498414993286
0.5889496803283691
0.5871562361717224
0.4609055519104004
0.5104659795761108
0.6040334701538086
0.478204607963562
0.47856080532073975
0.6376919746398926
0.476960152387619
0.44447433948516846
0.6841663718223572
0.5252509117126465
0.6976944208145142
0.5721428394317627
0.46738654375076294
0.4575999081134796
0.5418545007705688
0.5290350914001465
0.6394164562225342
0.6280642747879028
0.6308367848396301
0.52022385597229
0.5341662764549255
0.47384345531463623
0.4793035089969635
0.49618226289749146
0.4448143541812897
0.5430676937103271
0.4557773768901825
0.6191806197166443
0.46233275532722473
0.639876663684845
0.4722115695476532
0.6597809195518494
0.462248831987381
0.43290093541145325
0.42231395840644836
0.7015581130981445
0.5502442717552185
0.5565717816352844
0.4612271785736084
0.45095494389533997
0.5291528701782227
0.6267231702804565
0.6170631051063538
0.6326223611831665
0.6225757002830505
0.5891043543815613
0.5213934779167175
0.5652845501899719
0.4856918752193451
0.4118223786354065
0.40066027641296387
0.3501255214214325
0.4535042643547058
0.4329439103603363
0.5134797096252441
0.610457718372345
0.5823968648910522
0.5663097500801086
0.6822086572647095
0.439266175031662
0.6927191615104675
0.3920890986919403
0.7791122198104858
0.3777933418750763
0.6926695704460144
0.3533283770084381
0.7716464400291443
0.5726434588432312
0.8153051733970642
0.6920653581619263
0.5269761085510254
0.5269731879234314
0.4817987084388733
0.821580171585083
0.6390048861503601
0.6672102808952332
0.8326044678688049
0.7747425436973572
0.8337650895118713
0.7808321714401245
0.8408332467079163
0.8073829412460327
0.8147363066673279
0.7876480221748352
0.8124518990516663
0.7560518980026245
0.8283472657203674
0.8352460861206055
