119
0.38735270500183105
0.3095404803752899
0.11596056818962097
0.32093337178230286
0.38239631056785583
0.31991878151893616
0.12748590111732483
0.152672678232193
0.15341879427433014
0.1442897617816925
0.14501988887786865
0.1737252026796341
0.0734587013721466
0.13439783453941345
0.1426633596420288
0.08996719866991043
0.09886851906776428
0.10800111293792725
0.28913238644599915
0.37415051460266113
0.34813666343688965
0.3372728228569031
0.3067474663257599
0.30798256397247314
0.2761322855949402
0.09579471498727798
0.10028374940156937
0.1339847296476364
0.11803614348173141
0.272316575050354
0.134484201669693
0.11846960335969925
0.2733198404312134
0.12540145218372345
0.07322683185338974
0.08460845798254013
0.1063445433974266
0.06473176926374435
0.10529015213251114
0.07238157093524933
0.410690039396286
0.7229795455932617
0.22468188405036926
0.19346046447753906
0.1864374279975891
0.17185524106025696
0.1990581750869751
0.19460615515708923
0.18455533683300018
0.18875351548194885
0.17386478185653687
0.20158860087394714
0.19703657925128937
0.18680347502231598
0.1473211646080017
0.136638805270195
0.15869306027889252
0.15541009604930878
0.14787906408309937
0.18443144857883453
0.2768592834472656
0.19289802014827728
0.24631251394748688
0.8291712999343872
0.394589900970459
0.5055630803108215
0.39057034254074097
0.296677827835083
0.29294994473457336
0.24104613065719604
0.2277790904045105
0.2093934267759323
0.24041123688220978
0.2348901927471161
0.22235383093357086
0.22879578173160553
0.21033227443695068
0.24140501022338867
0.23586328327655792
0.22327852249145508
0.1818883717060089
0.2886379659175873
0.20235279202461243
0.22754471004009247
0.6185417175292969
0.6308306455612183
0.619123637676239
0.5892283916473389
0.588726282119751
0.4484424889087677
0.5793838500976562
0.5651311874389648
0.5495319366455078
0.49689456820487976
0.5759421586990356
0.4845106303691864
0.5825679302215576
0.5982736349105835
0.3544107675552368
0.4231129288673401
0.5148621797561646
0.5148428082466125
0.4105607271194458
0.3350388705730438
0.5183984637260437
0.5183771848678589
0.4140746295452118
0.34008821845054626
0.5365057587623596
0.5364837646484375
0.3501708507537842
0.5365195870399475
0.5364966988563538
0.3511425852775574
0.5431499481201172
0.543125569820404
0.4337998330593109
0.3569808602333069
0.8059444427490234
