107
0.21440941095352173
0.3768197298049927
0.30854496359825134
0.3466952443122864
0.2915869951248169
0.3241536319255829
0.30814728140830994
0.3314673900604248
0.34218737483024597
0.2906650900840759
0.21682721376419067
0.27196159958839417
0.369748055934906
0.3238997161388397
0.2871648669242859
0.2571837902069092
0.1453394740819931
0.31906789541244507
0.1648900806903839
0.2930811643600464
0.18420854210853577
0.3075757622718811
0.311361163854599
0.26038581132888794
0.2592313289642334
0.11372402310371399
0.2887652516365051
0.30473873019218445
0.1609605848789215
0.24301013350486755
0.20252946019172668
0.4321841895580292
0.20982418954372406
0.4128248393535614
0.2354971170425415
0.4604268968105316
0.21154092252254486
0.2498251497745514
0.1680358350276947
0.1770116090774536
0.18537582457065582
0.3932402729988098
0.24265223741531372
0.20629718899726868
0.7308039665222168
0.8346712589263916
0.8278592228889465
0.8281036615371704
0.1987934410572052
0.39564162492752075
0.2199859470129013
0.41766801476478577
0.2783503532409668
0.5207145810127258
0.22530175745487213
0.27613937854766846
0.19394251704216003
0.21199871599674225
0.1998179405927658
0.3953229784965515
0.20508091151714325
0.4017316997051239
0.27145811915397644
0.29063332080841064
0.6878511905670166
0.6346806883811951
0.6371594667434692
0.5513513684272766
0.5136802792549133
0.5510176420211792
0.7354965209960938
0.6690200567245483
0.6932745575904846
0.5924397706985474
0.6026735901832581
0.4956819415092468
0.5975316166877747
0.5579521656036377
0.6091551780700684
0.6213607788085938
0.5133878588676453
0.5784761905670166
0.4794198274612427
0.532804548740387
0.43366774916648865
0.5903791785240173
0.4894210398197174
0.5767830610275269
0.5190855264663696
0.5240037441253662
0.5687772035598755
0.4580894410610199
0.7510936856269836
0.6492595076560974
0.5414631962776184
0.6971080303192139
0.7966472506523132
0.5143453478813171
0.3736313283443451
0.3210082948207855
0.5284994840621948
0.46816328167915344
0.3586987853050232
0.6598495841026306
0.8108692765235901
0.8342794179916382
0.8303260207176208
