88
0.08184423297643661
0.1308327615261078
0.1306399703025818
0.10590046644210815
0.1391875445842743
0.10129182040691376
0.07979234308004379
0.09355346113443375
0.07429750263690948
0.14128819108009338
0.1405530720949173
0.06656516343355179
0.09871836751699448
0.3136121332645416
0.10257770121097565
0.11952787637710571
0.24363289773464203
0.07111816108226776
0.11608776450157166
0.1771305501461029
0.06416074931621552
0.12753000855445862
0.12799960374832153
0.1359437257051468
0.13644368946552277
0.1257491558790207
0.12416703999042511
0.08270817995071411
0.09260457009077072
0.1236995980143547
0.2920393645763397
0.09431785345077515
0.3869816064834595
0.2327372431755066
0.35886427760124207
0.17739877104759216
0.42345431447029114
0.23668867349624634
0.21375146508216858
0.8158658146858215
0.8387711644172668
0.3733213245868683
0.6038835644721985
0.22215762734413147
0.3884586691856384
0.24587120115756989
0.43151915073394775
0.17291098833084106
0.3620190918445587
0.258213609457016
0.23232465982437134
0.5900644063949585
0.5574588775634766
0.44883954524993896
0.48471054434776306
0.6038826704025269
0.49446800351142883
0.5305033326148987
0.4893811047077179
0.3897705078125
0.422632098197937
0.680250883102417
0.5960958003997803
0.5159996151924133
0.4088132083415985
0.5155593752861023
0.40846848487854004
0.5019814968109131
0.3978889584541321
0.43421822786331177
0.6232000589370728
0.49904945492744446
0.5328489542007446
0.47682756185531616
0.3871114253997803
0.38680702447891235
0.37785711884498596
0.541093111038208
0.4887619614601135
0.509871780872345
0.8161463141441345
0.8063991069793701
0.5877065062522888
0.5689389109611511
0.43389973044395447
0.8362336158752441
0.844563901424408
0.6704388856887817
