122
0.0837957113981247
0.14076006412506104
0.1213538646697998
0.15494480729103088
0.22614148259162903
0.3142726719379425
0.2228066474199295
0.30519625544548035
0.31463050842285156
0.28822067379951477
0.2420576959848404
0.34008243680000305
0.2749185562133789
0.30382195115089417
0.3477019965648651
0.17870159447193146
0.2840825021266937
0.09327003359794617
0.27128878235816956
0.06381937116384506
0.10734810680150986
0.06736691296100616
0.08311375975608826
0.08920399844646454
0.17831474542617798
0.0898546427488327
0.17689143121242523
0.307435005903244
0.23264265060424805
0.19727209210395813
0.280923992395401
0.2278129756450653
0.3008633553981781
0.3304017186164856
0.166202113032341
0.11987276375293732
0.2662215232849121
0.08332917094230652
0.310914546251297
0.2057671844959259
0.20822778344154358
0.22041557729244232
0.18291020393371582
0.1926245093345642
0.3933061361312866
0.20200806856155396
0.5041220188140869
0.2649615705013275
0.44124892354011536
0.31174734234809875
0.3538581132888794
0.35880956053733826
0.8433311581611633
0.8339887857437134
0.8416298627853394
0.23174519836902618
0.18700052797794342
0.19704176485538483
0.1833937168121338
0.19272206723690033
0.4123990833759308
0.21776148676872253
0.5244851112365723
0.28344497084617615
0.5573418736457825
0.33420658111572266
0.3179304599761963
0.52115398645401
0.4302864372730255
0.5609277486801147
0.4811602830886841
0.3979205787181854
0.5244897603988647
0.6652137041091919
0.6390150785446167
0.5396862030029297
0.49620020389556885
0.5892913341522217
0.5914756059646606
0.5735973715782166
0.4800177216529846
0.6285691261291504
0.4887973368167877
0.40365079045295715
0.5518403053283691
0.6001631021499634
0.6275674700737
0.5095624327659607
0.5443078279495239
0.6419451236724854
0.6458957195281982
0.5848772525787354
0.5314510464668274
0.48629966378211975
0.6097539067268372
0.5806915760040283
0.6504428386688232
0.7053834795951843
0.626244843006134
0.6622093319892883
0.7363117337226868
0.7083973288536072
0.7108507752418518
0.6031392812728882
0.5804460644721985
0.7670125961303711
0.5456852316856384
0.7194458842277527
0.5514972805976868
0.593622624874115
0.5837439894676208
0.566487193107605
0.5564486980438232
0.604850709438324
0.7494482398033142
0.529374897480011
0.7389143705368042
0.7974095940589905
0.7811000347137451
0.8045125603675842
0.5909236669540405
0.8202088475227356
