90
0.11184493452310562
0.30313846468925476
0.30217480659484863
0.32753536105155945
0.3263569474220276
0.23399512469768524
0.3036535978317261
0.22340646386146545
0.3568803071975708
0.35197460651397705
0.1714368760585785
0.2536400556564331
0.3441295027732849
0.26198089122772217
0.15595263242721558
0.16380321979522705
0.11000723391771317
0.06811784952878952
0.23724834620952606
0.2910538613796234
0.16027703881263733
0.2625647485256195
0.29617246985435486
0.18880899250507355
0.16626310348510742
0.21791952848434448
0.12169259041547775
0.07943335920572281
0.11850432306528091
0.36571529507637024
0.4048338830471039
0.1796293407678604
0.33483853936195374
0.1872052699327469
0.19792895019054413
0.4905667006969452
0.193085715174675
0.7982015609741211
0.6716533303260803
0.7964436411857605
0.6673638820648193
0.7956234216690063
0.665343701839447
0.7950522303581238
0.6640033721923828
0.8223914504051208
0.4278324246406555
0.430193156003952
0.5579841136932373
0.2539501488208771
0.431636780500412
0.33495789766311646
0.23460815846920013
0.2598590552806854
0.355771541595459
0.5563814043998718
0.2392757087945938
0.41644713282585144
0.5799145102500916
0.5825013518333435
0.5796992182731628
0.5783266425132751
0.5780555605888367
0.632892906665802
0.7609149813652039
0.5943591594696045
0.5227154493331909
0.519291877746582
0.6464700102806091
0.5670497417449951
0.543755054473877
0.5006675720214844
0.36404141783714294
0.4962151348590851
0.49898555874824524
0.4075722396373749
0.2898107171058655
0.2899717390537262
0.5137227773666382
0.291046142578125
0.5653510689735413
0.764440655708313
0.7210603356361389
0.3441719114780426
0.4650249183177948
0.34524276852607727
0.42993199825286865
0.7439680099487305
0.8265475034713745
0.8265529274940491
