103
0.36592915654182434
0.16189339756965637
0.35817453265190125
0.08107727020978928
0.19093401730060577
0.1790771484375
0.13986968994140625
0.18538646399974823
0.126575767993927
0.10194289684295654
0.08512195199728012
0.18430852890014648
0.08875998854637146
0.10922606289386749
0.3306504786014557
0.14633864164352417
0.05772950127720833
0.20485471189022064
0.13948501646518707
0.10475507378578186
0.061010848730802536
0.13705097138881683
0.11061349511146545
0.1171388328075409
0.12875649333000183
0.0755939856171608
0.1561085730791092
0.06869184225797653
0.47879886627197266
0.23434017598628998
0.3773725926876068
0.2574417293071747
0.15867242217063904
0.1852497011423111
0.19957786798477173
0.2156761884689331
0.16446609795093536
0.17706070840358734
0.2965814471244812
0.8355770707130432
0.7973352670669556
0.8034791350364685
0.8443928956985474
0.8455312252044678
0.30626001954078674
0.4111573398113251
0.45960018038749695
0.27101343870162964
0.196369931101799
0.3936172127723694
0.20862650871276855
0.4356568455696106
0.23181818425655365
0.1732550710439682
0.2005821168422699
0.21634507179260254
0.27124273777008057
0.6393190622329712
0.6356567144393921
0.7835298776626587
0.7829116582870483
0.4771465063095093
0.3916512131690979
0.3954565227031708
0.6450262069702148
0.6119454503059387
0.6085173487663269
0.6101425290107727
0.5115799903869629
0.4842613637447357
0.41138994693756104
0.403256893157959
0.5552707314491272
0.5000081658363342
0.3563119173049927
0.32791078090667725
0.48155826330184937
0.554516613483429
0.5838211178779602
0.4813832640647888
0.5808999538421631
0.3836591839790344
0.3946472704410553
0.479120135307312
0.3768726587295532
0.3876670300960541
0.4701857268810272
0.40034085512161255
0.8125922679901123
0.5236259698867798
0.4899279475212097
0.4772755205631256
0.5906980633735657
0.47640272974967957
0.5868340730667114
0.588245153427124
0.5788570642471313
0.7119120955467224
0.5105856657028198
0.8073156476020813
0.8390684723854065
0.832290530204773
0.8325636386871338
