100
0.20373620092868805
0.2389150708913803
0.160621777176857
0.23221631348133087
0.36791178584098816
0.17084917426109314
0.2904665172100067
0.12075777351856232
0.1664876639842987
0.23142394423484802
0.22056731581687927
0.20482708513736725
0.11356034129858017
0.15772952139377594
0.1352202594280243
0.17816351354122162
0.09800971299409866
0.23687677085399628
0.07957050949335098
0.21233150362968445
0.21049466729164124
0.22420819103717804
0.09083294123411179
0.20158036053180695
0.20099526643753052
0.2134542167186737
0.11268499493598938
0.1252160668373108
0.17804625630378723
0.2412610799074173
0.4680880010128021
0.2814544439315796
0.2545252740383148
0.19281819462776184
0.19466286897659302
0.09630697220563889
0.09275464713573456
0.4705517590045929
0.8179988861083984
0.8305370807647705
0.8143919706344604
0.262736052274704
0.48665112257003784
0.21967573463916779
0.3041723668575287
0.32571345567703247
0.19392330944538116
0.17546094954013824
0.1136678084731102
0.4320391118526459
0.12552709877490997
0.548377275466919
0.4995694160461426
0.6301591396331787
0.5276890993118286
0.4449552595615387
0.3153625428676605
0.3089447617530823
0.5511172413825989
0.547228217124939
0.3966520130634308
0.3942197263240814
0.641473114490509
0.5254374146461487
0.5017814040184021
0.5732517242431641
0.5114203095436096
0.3327842354774475
0.33815106749534607
0.6105376482009888
0.4636409282684326
0.30059197545051575
0.3051145672798157
0.5654451847076416
0.4061829149723053
0.5320013165473938
0.5895289182662964
0.46907493472099304
0.624154806137085
0.5100816488265991
0.5563111305236816
0.5172289609909058
0.5284804701805115
0.5681415796279907
0.4379347562789917
0.5522310137748718
0.5347449779510498
0.8362504243850708
0.8339239954948425
0.5604054927825928
0.5229189395904541
0.8391024470329285
0.836351215839386
0.827178955078125
0.8246940970420837
0.8376386165618896
0.7391495108604431
0.6953390836715698
0.8228440284729004
0.8090398907661438
