56
0.1384880095720291
0.19664114713668823
0.31151923537254333
0.2383020520210266
0.16161088645458221
0.10449956357479095
0.20120513439178467
0.11309283971786499
0.25590789318084717
0.30967602133750916
0.23688222467899323
0.09378214180469513
0.0638897567987442
0.20178073644638062
0.23464851081371307
0.39130356907844543
0.40324926376342773
0.800167441368103
0.8428226709365845
0.8399649262428284
0.8492394685745239
0.7749658226966858
0.7899073958396912
0.8418992757797241
0.26553863286972046
0.40368086099624634
0.5189424157142639
0.5537781119346619
0.2509148418903351
0.4671131670475006
0.6356711983680725
0.6227675080299377
0.7408828735351562
0.7256243824958801
0.5524477958679199
0.618911862373352
0.48945197463035583
0.20625735819339752
0.40324318408966064
0.5349888801574707
0.5271888375282288
0.7190418243408203
0.702735960483551
0.5499638319015503
0.6289462447166443
0.4838351607322693
0.48494547605514526
0.39232438802719116
0.6028261780738831
0.63274085521698
0.42796558141708374
0.6838101148605347
0.5642950534820557
0.7447841167449951
0.8218909502029419
0.8401941657066345
