285
0.07844670116901398
0.22931884229183197
0.15716202557086945
0.15385276079177856
0.10897886753082275
0.21858705580234528
0.10425020009279251
0.2178288847208023
0.24515695869922638
0.3180563151836395
0.08145283907651901
0.1015767976641655
0.10363928973674774
0.14824089407920837
0.10401003062725067
0.10675264149904251
0.1928252875804901
0.14049741625785828
0.07203280180692673
0.3726899027824402
0.08262333273887634
0.2587684690952301
0.1541701853275299
0.12363428622484207
0.11457417905330658
0.16920772194862366
0.20523419976234436
0.1427011787891388
0.13085906207561493
0.18942874670028687
0.22666537761688232
0.0792020708322525
0.13999128341674805
0.07533247023820877
0.1330621987581253
0.13838012516498566
0.1827118992805481
0.14658509194850922
0.14924320578575134
0.2054067999124527
0.106770358979702
0.1668291836977005
0.3066638708114624
0.09649298340082169
0.11640004068613052
0.06509149819612503
0.06797335296869278
0.13205452263355255
0.09660116583108902
0.19038483500480652
0.21511448919773102
0.2630206048488617
0.12347747385501862
0.1356324702501297
0.12886321544647217
0.09300320595502853
0.08751466870307922
0.13013924658298492
0.09381063282489777
0.07184605300426483
0.26897791028022766
0.13567622005939484
0.10385514050722122
0.2977287173271179
0.08484475314617157
0.13486431539058685
0.07431074231863022
0.17390979826450348
0.10340749472379684
0.10291726887226105
0.22953595221042633
0.06295561790466309
0.16426214575767517
0.0563376359641552
0.1419311761856079
0.09661658853292465
0.16360236704349518
0.12576943635940552
0.09207645803689957
0.2807852029800415
0.0640970915555954
0.05769660323858261
0.4299982190132141
0.238595113158226
0.42455950379371643
0.5171107649803162
0.20866191387176514
0.21459949016571045
0.18338140845298767
0.4689858853816986
0.23330356180667877
0.23073497414588928
0.19684113562107086
0.49358630180358887
0.251465380191803
0.20034682750701904
0.1709640473127365
0.3906038999557495
0.21924205124378204
0.2609042823314667
0.459835410118103
0.35576480627059937
0.4960428774356842
0.22458848357200623
0.20787867903709412
0.3878515958786011
0.2597794830799103
0.2393520027399063
0.44470587372779846
0.28696250915527344
0.2681947648525238
0.4537375867366791
0.21891866624355316
0.20831403136253357
0.24363884329795837
0.23730096220970154
0.3250258266925812
0.47942715883255005
0.5461706519126892
0.842663586139679
0.8291114568710327
0.7310857772827148
0.8414654731750488
0.8292142748832703
0.846055805683136
0.8283448219299316
0.8339138627052307
0.8369748592376709
0.45959123969078064
0.42647698521614075
0.24684184789657593
0.486725389957428
0.1866522580385208
0.32193809747695923
0.6162794232368469
0.35020577907562256
0.23555195331573486
0.201546773314476
0.4927421510219574
0.2562759220600128
0.2041519731283188
0.17517410218715668
0.4283428490161896
0.22154784202575684
0.23777692019939423
0.2040863335132599
0.46801185607910156
0.2589317560195923
0.25575193762779236
0.4770539402961731
0.2776937782764435
0.2548021972179413
0.44511061906814575
0.41054633259773254
0.3494536578655243
0.4930448532104492
0.24730519950389862
0.22870533168315887
0.4201319217681885
0.21549169719219208
0.19925254583358765
0.3687394857406616
0.270149827003479
0.3233950734138489
0.30351608991622925
0.4941278100013733
0.46377062797546387
0.37638598680496216
0.20549096167087555
0.22053731977939606
0.2198493778705597
0.31345489621162415
0.27911677956581116
0.46105048060417175
0.6339819431304932
0.4269575774669647
0.4809102416038513
0.5089806318283081
0.5650491118431091
0.6540365219116211
0.6577969789505005
0.7329027056694031
0.5958681702613831
0.523472785949707
0.638790488243103
0.6219400763511658
0.5296177268028259
0.44918128848075867
0.39277592301368713
0.5373963713645935
0.5568745732307434
0.5146349668502808
0.4607613980770111
0.4173191785812378
0.602892279624939
0.6219321489334106
0.6634848117828369
0.5249634981155396
0.691034197807312
0.5472064018249512
0.5339937210083008
0.5891619324684143
0.5894455909729004
0.5915613174438477
0.6763691902160645
0.6721713542938232
0.5742631554603577
0.5071726441383362
0.572577714920044
0.5499285459518433
0.4099123477935791
0.4816173017024994
0.5560503602027893
0.49351662397384644
0.5640336275100708
0.5197195410728455
0.4100697338581085
0.36657848954200745
0.6471779346466064
0.5889679193496704
0.41094809770584106
0.6555578708648682
0.48646610975265503
0.6308575868606567
0.625741720199585
0.5732236504554749
0.5726988911628723
0.535203218460083
0.48087090253829956
0.611617386341095
0.572586715221405
0.5647067427635193
0.42844435572624207
0.6496610641479492
0.576121985912323
0.4635576605796814
0.6197779178619385
0.5491247177124023
0.4943075180053711
0.5478109121322632
0.47555750608444214
0.6493765711784363
0.5554211735725403
0.5427167415618896
0.5095811486244202
0.5763119459152222
0.6709530353546143
0.6493932008743286
0.622432291507721
0.6634659767150879
0.808422327041626
0.4248729944229126
0.5649924874305725
0.4559479057788849
0.7314528226852417
0.355391263961792
0.6258376836776733
0.3238530457019806
0.6198345422744751
0.5838434100151062
0.3000507950782776
0.5777652263641357
0.3730711042881012
0.5432218909263611
0.3680749535560608
0.6057477593421936
0.6173384785652161
0.5401725172996521
0.5543042421340942
0.7745160460472107
0.6620867848396301
0.3506293296813965
0.6562796235084534
0.42818254232406616
0.6634317636489868
0.6832058429718018
0.8393725752830505
0.8500844836235046
0.8155323266983032
0.8333418965339661
0.8176004886627197
0.8405927419662476
0.787883460521698
0.7411822080612183
0.7614680528640747
