73
0.1387605220079422
0.291187047958374
0.13506998121738434
0.20071926712989807
0.3854488432407379
0.07969778031110764
0.11026608198881149
0.10878216475248337
0.2399001568555832
0.112543486058712
0.1192953959107399
0.1484110802412033
0.07882701605558395
0.096809983253479
0.09663491696119308
0.09722231328487396
0.07529248297214508
0.4855938255786896
0.45163846015930176
0.4729461967945099
0.47300097346305847
0.3934769630432129
0.2282709777355194
0.2853054404258728
0.2835186719894409
0.48463213443756104
0.256246954202652
0.41979143023490906
0.4060449004173279
0.793738067150116
0.8122162222862244
0.8291316628456116
0.8368930816650391
0.7112108469009399
0.7926511168479919
0.513145923614502
0.4719901978969574
0.4953928589820862
0.49546119570732117
0.3775341212749481
0.29347723722457886
0.21769267320632935
0.31267812848091125
0.5187146663665771
0.24262134730815887
0.503419816493988
0.612865149974823
0.6506586074829102
0.5095313191413879
0.6007668972015381
0.5946098566055298
0.5750743746757507
0.6286671161651611
0.48881563544273376
0.5605761408805847
0.6048742532730103
0.6337890028953552
0.48767200112342834
0.5025423765182495
0.46674975752830505
0.44980326294898987
0.4867054522037506
0.39144015312194824
0.43745630979537964
0.6412134766578674
0.8183514475822449
0.6006222367286682
0.7076465487480164
0.4172747731208801
0.45909199118614197
0.6012712121009827
0.8186700344085693
0.8167346715927124
