306
0.15428583323955536
0.24032068252563477
0.3445354402065277
0.29387903213500977
0.2012065351009369
0.2542489767074585
0.46634435653686523
0.16336306929588318
0.3693029284477234
0.3023742437362671
0.35015490651130676
0.3776513338088989
0.31724151968955994
0.34035515785217285
0.2704084515571594
0.3389338254928589
0.30767929553985596
0.3198610544204712
0.105448417365551
0.24697056412696838
0.11170333623886108
0.15362785756587982
0.21734188497066498
0.281059205532074
0.31380683183670044
0.4162639081478119
0.3644079267978668
0.08139476180076599
0.10128013044595718
0.26365596055984497
0.4393453896045685
0.149515300989151
0.27957311272621155
0.23141740262508392
0.27716055512428284
0.37084415555000305
0.3569895625114441
0.37065789103507996
0.5646771788597107
0.2563577890396118
0.43519100546836853
0.23615773022174835
0.3648274540901184
0.37270140647888184
0.10382425785064697
0.28607654571533203
0.29209375381469727
0.20866282284259796
0.20390360057353973
0.2598936855792999
0.356939435005188
0.28513360023498535
0.371500700712204
0.1415817141532898
0.2274712473154068
0.263155996799469
0.08599933236837387
0.2216811329126358
0.09479576349258423
0.25307387113571167
0.31853535771369934
0.3343673050403595
0.1551726907491684
0.4123181700706482
0.17820121347904205
0.3801534175872803
0.08951041102409363
0.10340262949466705
0.1364174336194992
0.28152552247047424
0.08912315964698792
0.1029435470700264
0.13570959866046906
0.27935031056404114
0.1564597636461258
0.14306733012199402
0.2721608877182007
0.08378494530916214
0.25216907262802124
0.08897186070680618
0.10340537130832672
0.13820892572402954
0.26480501890182495
0.12984290719032288
0.1234690248966217
0.1407536268234253
0.19386465847492218
0.35959506034851074
0.11274368315935135
0.11847417056560516
0.13661131262779236
0.1802596151828766
0.2931319773197174
0.32917138934135437
0.13405121862888336
0.3169526755809784
0.3997899293899536
0.2370082139968872
0.2725111246109009
0.289578914642334
0.40144631266593933
0.3277875483036041
0.41275250911712646
0.40946856141090393
0.2036883533000946
0.2545883059501648
0.43016183376312256
0.1918017566204071
0.20156197249889374
0.39236658811569214
0.17851296067237854
0.21588857471942902
0.22935742139816284
0.3822924792766571
0.2000378519296646
0.6876139640808105
0.7632529735565186
0.8474729657173157
0.8199459314346313
0.8367619514465332
0.7814170122146606
0.8507106900215149
0.847922146320343
0.8262461423873901
0.23188498616218567
0.49123677611351013
0.33400896191596985
0.430877685546875
0.38780900835990906
0.46617528796195984
0.42821747064590454
0.2233523279428482
0.26296356320381165
0.27422386407852173
0.44364920258522034
0.2715146541595459
0.2902235984802246
0.4896683394908905
0.24345946311950684
0.2564675211906433
0.2735503613948822
0.43010950088500977
0.23280368745326996
0.47464585304260254
0.5160617232322693
0.6445638537406921
0.532986581325531
0.5868704319000244
0.7002679109573364
0.7548255324363708
0.7494939565658569
0.7388118505477905
0.7413496971130371
0.4918767511844635
0.5572007894515991
0.5909985303878784
0.5160728693008423
0.38855767250061035
0.4617686867713928
0.5999505519866943
0.3850793242454529
0.4583902657032013
0.5946242213249207
0.38177236914634705
0.36530768871307373
0.4379233419895172
0.5640876293182373
0.4115053415298462
0.48930707573890686
0.6126168966293335
0.5397660136222839
0.6042733788490295
0.6976240873336792
0.4494986832141876
0.5225024819374084
0.6302148699760437
0.5117715001106262
0.5837723612785339
0.6830109357833862
0.47939637303352356
0.5541332960128784
0.657799482345581
0.5860708355903625
0.570205569267273
0.4335446059703827
0.7081244587898254
0.7336738705635071
0.7270753979682922
0.7345924377441406
0.48186978697776794
0.5576245188713074
0.5044256448745728
0.5790889859199524
0.6790676116943359
0.48344165086746216
0.5603895783424377
0.6642534136772156
0.4670252203941345
0.46868476271629333
0.577614426612854
0.44446685910224915
0.5312970280647278
0.6625306606292725
0.4137434959411621
0.5763755440711975
0.42707452178001404
0.5817862153053284
0.3660295307636261
0.4361279606819153
0.5392754673957825
0.35242876410484314
0.5322556495666504
0.4738696813583374
0.553196907043457
0.6590690612792969
0.5614545941352844
0.5151417255401611
0.5173797011375427
0.49963703751564026
0.48390331864356995
0.6047103404998779
0.5652981996536255
0.6114887595176697
0.5584440231323242
0.5027130246162415
0.5784223079681396
0.5753152370452881
0.3679693341255188
0.4777700901031494
0.5685344934463501
0.38968563079833984
0.5678012371063232
0.41725707054138184
0.5427606701850891
0.6398118138313293
0.444250226020813
0.6399807333946228
0.39607682824134827
0.5200501680374146
0.6196392774581909
0.42356249690055847
0.6201985478401184
0.3190126419067383
0.42317694425582886
0.5212460160255432
0.3428671956062317
0.5228826403617859
0.3219652771949768
0.4251583516597748
0.5224231481552124
0.3454546332359314
0.5240284204483032
0.42510882019996643
0.6510884761810303
0.4874128997325897
0.3746362626552582
0.6152514219284058
0.3654502034187317
0.5419774651527405
0.463693767786026
0.37904784083366394
0.5500054955482483
0.39943927526474
0.31919974088668823
0.49515101313591003
0.3046884536743164
0.4791182279586792
0.5117461085319519
0.41432902216911316
0.6138603091239929
0.8155988454818726
0.8355900645256042
0.35969480872154236
0.4998890459537506
0.6283875703811646
0.3914138972759247
0.32420530915260315
0.46138283610343933
0.5833745002746582
0.35623443126678467
0.49516406655311584
0.4037012457847595
0.7548518180847168
0.7261014580726624
0.5296740531921387
0.39981356263160706
0.720169723033905
0.36836981773376465
0.48636266589164734
0.6031367182731628
0.39307695627212524
0.7081248164176941
0.77479088306427
0.5306834578514099
0.4010816514492035
0.37593919038772583
0.7477018237113953
0.4727709889411926
0.5057618618011475
0.4752950072288513
0.8463085889816284
0.728943407535553
0.7931497693061829
0.714108407497406
0.8270482420921326
0.7788249254226685
