104
0.2197522521018982
0.27285483479499817
0.3163084089756012
0.29141053557395935
0.2836971580982208
0.321001797914505
0.17367315292358398
0.5250920653343201
0.33223819732666016
0.3124367892742157
0.3931259512901306
0.26070061326026917
0.4155083894729614
0.3344312906265259
0.36937642097473145
0.17429590225219727
0.35178130865097046
0.2584713101387024
0.10715712606906891
0.40057820081710815
0.20558248460292816
0.27667006850242615
0.23270903527736664
0.29416775703430176
0.30253565311431885
0.1656753420829773
0.24525804817676544
0.37554335594177246
0.3431311547756195
0.09710360318422318
0.08768308162689209
0.32293033599853516
0.24310189485549927
0.2500024735927582
0.182773157954216
0.32108116149902344
0.22175808250904083
0.2107243537902832
0.22286252677440643
0.5333260893821716
0.4127659499645233
0.6933251619338989
0.7582855224609375
0.7789697647094727
0.8198884725570679
0.8444337248802185
0.8269310593605042
0.8255614042282104
0.829071044921875
0.3178808391094208
0.2822795808315277
0.2026677280664444
0.3287588655948639
0.2292107194662094
0.41925111413002014
0.33268076181411743
0.22867262363433838
0.5650649070739746
0.4300062656402588
0.5122004151344299
0.6880091428756714
0.6322043538093567
0.650425910949707
0.6962740421295166
0.6859963536262512
0.5044522881507874
0.5707870721817017
0.4912126958370209
0.47202205657958984
0.6097410917282104
0.5901075601577759
0.6050888895988464
0.6690796613693237
0.4403783082962036
0.6816174387931824
0.6042625904083252
0.584892988204956
0.5154336094856262
0.49507224559783936
0.6156915426254272
0.5744242072105408
0.5815674066543579
0.5802865028381348
0.5861920118331909
0.5475406646728516
0.6169291138648987
0.5937806963920593
0.5570412874221802
0.4824922978878021
0.3962097465991974
0.546655535697937
0.6057279109954834
0.4367102384567261
0.4783913791179657
0.4080089330673218
0.36710208654403687
0.5810772776603699
0.5756939053535461
0.3789779245853424
0.6746678352355957
0.835961103439331
0.8237656950950623
0.8309639096260071
0.834021806716919
