60
0.348633348941803
0.24762941896915436
0.2899991571903229
0.3483714759349823
0.34235045313835144
0.3001953065395355
0.3315032124519348
0.27561625838279724
0.13566674292087555
0.35497376322746277
0.34668201208114624
0.308124303817749
0.19553545117378235
0.21929630637168884
0.1996420919895172
0.27512437105178833
0.3033900260925293
0.13290755450725555
0.20814941823482513
0.1495303511619568
0.2417558878660202
0.764165997505188
0.550383985042572
0.4625507593154907
0.4340042769908905
0.24785172939300537
0.1950204074382782
0.20056317746639252
0.16211915016174316
0.1428557187318802
0.25286030769348145
0.7664852738380432
0.564967930316925
0.5047268867492676
0.4826638996601105
0.20899724960327148
0.19539210200309753
0.16722629964351654
0.19312454760074615
0.2491452544927597
0.6356616616249084
0.6896846890449524
0.45663920044898987
0.6120157241821289
0.6853963732719421
0.5060660243034363
0.5465908050537109
0.5377514362335205
0.41240036487579346
0.5702501535415649
0.49359914660453796
0.4471516013145447
0.7606557011604309
0.42922329902648926
0.3453785181045532
0.7137043476104736
0.40104421973228455
0.4212417006492615
0.7915930151939392
0.8130480647087097
