615
0.152030810713768
0.1671578288078308
0.1707388311624527
0.17191357910633087
0.14044509828090668
0.14353235065937042
0.15573924779891968
0.11438736319541931
0.18843041360378265
0.19246864318847656
0.1907874047756195
0.15611183643341064
0.0914318859577179
0.07447672635316849
0.07521098852157593
0.09234336763620377
0.09327659010887146
0.09680816531181335
0.08388873934745789
0.14690440893173218
0.12310399860143661
0.15504297614097595
0.16895584762096405
0.09279822558164597
0.24537497758865356
0.0873778909444809
0.13589507341384888
0.08339329808950424
0.08111006766557693
0.1782306283712387
0.06052219122648239
0.08029801398515701
0.08197013288736343
0.07811819761991501
0.17210395634174347
0.2124975174665451
0.4689624011516571
0.08800578862428665
0.3651607930660248
0.09027384966611862
0.18655064702033997
0.09021296352148056
0.18618492782115936
0.13518959283828735
0.16372118890285492
0.3464652895927429
0.12819503247737885
0.15668854117393494
0.2614441215991974
0.39955905079841614
0.2048160433769226
0.14358209073543549
0.1247895359992981
0.18513751029968262
0.10064699500799179
0.14616920053958893
0.23771440982818604
0.24476324021816254
0.07488776743412018
0.09398577362298965
0.07689546793699265
0.382562518119812
0.12326271831989288
0.10603649169206619
0.09415692090988159
0.09627443552017212
0.16815194487571716
0.13509131968021393
0.11640197783708572
0.08789367973804474
0.12621058523654938
0.13032521307468414
0.08761391043663025
0.12569895386695862
0.13005229830741882
0.10446903109550476
0.11438988149166107
0.16628582775592804
0.16093315184116364
0.08174610882997513
0.14195802807807922
0.10078179091215134
0.06843521445989609
0.06398279219865799
0.1198517382144928
0.09689956903457642
0.09609095007181168
0.13382938504219055
0.0719229131937027
0.2868528664112091
0.12063366174697876
0.08697482198476791
0.12867781519889832
0.09548666328191757
0.08817585557699203
0.07775586098432541
0.13429710268974304
0.1581289917230606
0.10432567447423935
0.09008550643920898
0.07611731439828873
0.36766353249549866
0.3228626251220703
0.12330913543701172
0.30735597014427185
0.12435169517993927
0.30958160758018494
0.36362990736961365
0.14526325464248657
0.13400623202323914
0.1907280832529068
0.12400607019662857
0.17529518902301788
0.08196891844272614
0.12666477262973785
0.3812512159347534
0.0635831356048584
0.18700146675109863
0.09942193329334259
0.13698796927928925
0.07354981452226639
0.2169075757265091
0.11435351520776749
0.22171784937381744
0.10189876705408096
0.13653604686260223
0.43213552236557007
0.2829996943473816
0.48449307680130005
0.23469994962215424
0.3824958801269531
0.2490493357181549
0.43607422709465027
0.20842069387435913
0.3762702941894531
0.2217353880405426
0.42794907093048096
0.19007764756679535
0.4381747245788574
0.2676169276237488
0.4891621768474579
0.2278788834810257
0.1864922046661377
0.21263264119625092
0.2262699455022812
0.26636332273483276
0.2041817456483841
0.23356837034225464
0.24814103543758392
0.2928122282028198
0.2170211225748062
0.25117459893226624
0.2605975866317749
0.3183494210243225
0.21757014095783234
0.37294384837150574
0.1890001744031906
0.2020195871591568
0.33957982063293457
0.21032944321632385
0.1877129077911377
0.41363635659217834
0.43834224343299866
0.21323023736476898
0.41746240854263306
0.21322834491729736
0.2597847878932953
0.2624453008174896
0.34779712557792664
0.18631523847579956
0.42532968521118164
0.6137053966522217
0.5628737211227417
0.6787282824516296
0.5358974933624268
0.28779301047325134
0.3473801016807556
0.3087165653705597
0.3849838674068451
0.6747588515281677
0.6538875102996826
0.379887193441391
0.18411293625831604
0.20565004646778107
0.23417487740516663
0.19894425570964813
0.3008959889411926
0.48104074597358704
0.6503430604934692
0.28229066729545593
0.4188673496246338
0.22949957847595215
0.31409016251564026
0.17206045985221863
0.26436203718185425
0.20595194399356842
0.3392781615257263
0.17400814592838287
0.26658666133880615
0.8356217741966248
0.8380545973777771
0.7897771000862122
0.7052363753318787
0.6879802942276001
0.8093071579933167
0.837692379951477
0.8349704146385193
0.8310868740081787
0.8472841382026672
0.842352032661438
0.8435521125793457
0.6295578479766846
0.799106240272522
0.8466928601264954
0.8064679503440857
0.7734833359718323
0.7499813437461853
0.852591872215271
0.798547089099884
0.785472571849823
0.8377638459205627
0.8400068879127502
0.6571311950683594
0.8134918212890625
0.3771059215068817
0.24692007899284363
0.41894325613975525
0.20696067810058594
0.3744838833808899
0.24453924596309662
0.41822198033332825
0.20533901453018188
0.472461462020874
0.29840701818466187
0.5223850607872009
0.24941955506801605
0.504988431930542
0.32724350690841675
0.5535734295845032
0.27413269877433777
0.47896650433540344
0.32661786675453186
0.27478623390197754
0.47617483139038086
0.5402340292930603
0.18627755343914032
0.21205466985702515
0.22635789215564728
0.2654397189617157
0.22901752591133118
0.2621000111103058
0.2783540189266205
0.3275144398212433
0.22680844366550446
0.25930994749069214
0.27625295519828796
0.3237795829772949
0.38305747509002686
0.4350767135620117
0.226089745759964
0.3850221633911133
0.19592781364917755
0.19267985224723816
0.3228975236415863
0.17037004232406616
0.24208104610443115
0.21177132427692413
0.3616437017917633
0.4896542727947235
0.24023212492465973
0.4937443435192108
0.44354191422462463
0.43484413623809814
0.21456755697727203
0.36740341782569885
0.186308354139328
0.35129314661026
0.3535480499267578
0.3066026270389557
0.3086945712566376
0.33328860998153687
0.18111760914325714
0.3354022204875946
0.46266087889671326
0.6184433698654175
0.4903964698314667
0.7343128323554993
0.5761796236038208
0.3723641037940979
0.4188285768032074
0.393440842628479
0.4550289511680603
0.6976572871208191
0.676009476184845
0.42633333802223206
0.21244151890277863
0.50721275806427
0.17510975897312164
0.2591293752193451
0.4181463122367859
0.535114049911499
0.6105671525001526
0.7097368836402893
0.22530964016914368
0.327115535736084
0.2215919941663742
0.2786520719528198
0.42908936738967896
0.352541446685791
0.48382243514060974
0.5645551085472107
0.5415878295898438
0.426496297121048
0.6112505793571472
0.5908862352371216
0.4757034480571747
0.5022122263908386
0.47832149267196655
0.3717224895954132
0.5952879786491394
0.5726307034492493
0.4824170768260956
0.49095267057418823
0.5253024101257324
0.3807657063007355
0.592200756072998
0.291595458984375
0.487433522939682
0.4683524966239929
0.5954111814498901
0.6172730922698975
0.5360186100006104
0.3994544744491577
0.3992922902107239
0.46482449769973755
0.5615261197090149
0.567594051361084
0.6378126740455627
0.5837030410766602
0.3992674648761749
0.5554585456848145
0.45325610041618347
0.30909767746925354
0.691011905670166
0.5183383822441101
0.3515694737434387
0.43070173263549805
0.5546135306358337
0.38616523146629333
0.4716249406337738
0.7287777066230774
0.5717980265617371
0.6511468887329102
0.5890665650367737
0.5177878737449646
0.5251172780990601
0.4615092873573303
0.6602410078048706
0.6270645260810852
0.6849333643913269
0.6491993069648743
0.49735334515571594
0.6387292146682739
0.6189335584640503
0.45331957936286926
0.5954096913337708
0.5762608051300049
0.7275570631027222
0.7854071855545044
0.5808785557746887
0.5500060319900513
0.47878947854042053
0.6228552460670471
0.5978937149047852
0.6915028095245361
0.6605387926101685
0.5189720392227173
0.6305963397026062
0.5961434841156006
0.5062452554702759
0.619519829750061
0.5980044007301331
0.48053351044654846
0.5252900123596191
0.5000518560409546
0.3879367709159851
0.6390956044197083
0.6184183955192566
0.5020452737808228
0.4789173901081085
0.45514944195747375
0.3710741102695465
0.5085382461547852
0.5466878414154053
0.39221179485321045
0.5932310223579407
0.5415508151054382
0.5493526458740234
0.24566860496997833
0.4278574287891388
0.40846410393714905
0.5186947584152222
0.5258705019950867
0.5153163075447083
0.6627889275550842
0.35013553500175476
0.44370338320732117
0.3692565858364105
0.4843389391899109
0.3346598446369171
0.41156628727912903
0.7155813574790955
0.6335007548332214
0.6518850922584534
0.5868250727653503
0.5484809279441833
0.4850742220878601
0.48677244782447815
0.43607470393180847
0.6674211621284485
0.7420353293418884
0.41928574442863464
0.5646292567253113
0.5477343201637268
0.40699267387390137
0.5492321252822876
0.6771036386489868
0.6557309031486511
0.5987874269485474
0.5581992268562317
0.5132721066474915
0.466378390789032
0.6060209274291992
0.5645325183868408
0.5150964260101318
0.4681594967842102
0.47337716817855835
0.5455725193023682
0.6221392154693604
0.5702078342437744
0.5664317011833191
0.6148732900619507
0.6191188097000122
0.47412770986557007
0.41068965196609497
0.3455546498298645
0.5301042199134827
0.38305342197418213
0.3343983292579651
0.27953648567199707
0.637270450592041
0.5592626333236694
0.4953537583351135
0.43459975719451904
0.3623654544353485
0.6302717328071594
0.5562695860862732
0.4662705361843109
0.6214995980262756
0.583583652973175
0.4493359625339508
0.6410097479820251
0.6923633217811584
0.48706039786338806
0.4771091639995575
0.6156323552131653
0.3675251305103302
0.37827813625335693
0.2867752015590668
0.3080609142780304
0.4169237017631531
0.5425708889961243
0.34335023164749146
0.46394139528274536
0.5923052430152893
0.53912353515625
0.5199329257011414
0.3927556276321411
0.46796491742134094
0.6866527795791626
0.6584703326225281
0.6922875642776489
0.6078391075134277
0.5878666639328003
0.5733797550201416
0.4876077175140381
0.46451815962791443
0.6141597628593445
0.5083733201026917
0.740078866481781
0.5398129820823669
0.5378000140190125
0.5236420035362244
0.5241578221321106
0.6155984997749329
0.6582716107368469
0.47197988629341125
0.6562181711196899
0.5197126269340515
0.37973523139953613
0.4918126165866852
0.6288079023361206
0.3632868826389313
0.5408815145492554
0.41089940071105957
0.6048314571380615
0.31645888090133667
0.4452129602432251
0.5113004446029663
0.6802240014076233
0.4079628884792328
0.5414445996284485
0.4123033285140991
0.6061636805534363
0.3181268870830536
0.4466467797756195
0.7378317713737488
0.6463078260421753
0.837616503238678
0.6108616590499878
0.607033371925354
0.4767972230911255
0.460909903049469
0.5261622667312622
0.6119675040245056
0.6457820534706116
0.7892593145370483
0.8340811133384705
0.8323767781257629
0.6634929776191711
0.5983479022979736
0.5938014388084412
0.5371091365814209
0.8382235169410706
0.7800122499465942
0.7701802849769592
0.8423070907592773
0.7829359769821167
0.6341356635093689
0.5651379823684692
0.4502113461494446
0.826161801815033
0.7351157069206238
0.6812616586685181
0.5541595816612244
0.8007173538208008
0.760057806968689
0.8339148759841919
0.4326149821281433
0.5879519581794739
0.6430953741073608
0.6213971376419067
0.604666531085968
0.613280713558197
0.6284542083740234
0.42936161160469055
0.5478071570396423
0.8440576791763306
0.8417810201644897
0.8278312087059021
0.5752602815628052
0.617778480052948
0.388048380613327
0.49811410903930664
0.5084618330001831
0.2827721834182739
0.3547207713127136
0.46235373616218567
0.4193565547466278
0.39612239599227905
0.8280870318412781
0.24627652764320374
0.3075655996799469
0.4947567582130432
0.6193804144859314
0.719343364238739
0.6392703652381897
0.7769298553466797
0.4230831265449524
0.5497310757637024
0.23689314723014832
0.22339753806591034
0.4120429754257202
0.38264137506484985
0.2617108225822449
0.600947380065918
0.6462002992630005
0.6299309134483337
0.8045042753219604
0.7791889309883118
0.5741561651229858
0.8062630891799927
0.5288316011428833
0.4935246407985687
0.5379318594932556
0.750752866268158
0.8405812382698059
0.8235043287277222
0.8372329473495483
0.806025505065918
0.8125398755073547
0.8100878596305847
0.8421072363853455
0.7787356972694397
0.7790163159370422
0.8364989161491394
0.7593573331832886
0.8487425446510315
0.5829586982727051
0.838773250579834
0.7376973628997803
0.8397196531295776
0.8452175855636597
0.8348297476768494
0.8405231237411499
