249
0.21814383566379547
0.37344232201576233
0.2774939239025116
0.3636402189731598
0.3379828929901123
0.41294753551483154
0.3050977885723114
0.3032591938972473
0.36438092589378357
0.29604631662368774
0.37139892578125
0.24570336937904358
0.3247394561767578
0.25877970457077026
0.2497314065694809
0.3539564609527588
0.24455493688583374
0.27858227491378784
0.296893447637558
0.2587191164493561
0.3599699139595032
0.2868574559688568
0.3596521019935608
0.2729426920413971
0.2812359631061554
0.36776500940322876
0.3391277492046356
0.19755308330059052
0.1971137374639511
0.2578186094760895
0.2865230143070221
0.3093551695346832
0.3662894368171692
0.37542784214019775
0.15716686844825745
0.11243423074483871
0.36585745215415955
0.21585337817668915
0.24102097749710083
0.28713342547416687
0.33360084891319275
0.32556918263435364
0.2881488502025604
0.3261811137199402
0.15251603722572327
0.31243380904197693
0.11823277920484543
0.20539438724517822
0.32223325967788696
0.1924683302640915
0.31441840529441833
0.3744645416736603
0.19133631885051727
0.21715468168258667
0.3205772042274475
0.37750181555747986
0.19653195142745972
0.2225417196750641
0.15549564361572266
0.335599809885025
0.30752938985824585
0.35049885511398315
0.20337478816509247
0.22519874572753906
0.32564371824264526
0.0931071937084198
0.1283283233642578
0.20547333359718323
0.33977553248405457
0.351845920085907
0.3568756580352783
0.09883508086204529
0.3003428280353546
0.452499121427536
0.35238221287727356
0.20960351824760437
0.17923615872859955
0.2530449628829956
0.20833051204681396
0.24311727285385132
0.2746570110321045
0.25208160281181335
0.14647795259952545
0.35486963391304016
0.30843573808670044
0.3525928854942322
0.35139933228492737
0.18097005784511566
0.3435819447040558
0.38084888458251953
0.38928940892219543
0.4173138737678528
0.4029808044433594
0.36706486344337463
0.4255177676677704
0.4212995767593384
0.3675813674926758
0.41509127616882324
0.23204199969768524
0.20606695115566254
0.3296816647052765
0.3343394100666046
0.6172152161598206
0.23786820471286774
0.25161606073379517
0.2979339361190796
0.5703006982803345
0.19900847971439362
0.1997992992401123
0.21213339269161224
0.21158087253570557
0.7932828068733215
0.6701129674911499
0.3503924310207367
0.4835672974586487
0.38729676604270935
0.4857923686504364
0.4115909934043884
0.27062076330184937
0.2216445505619049
0.45420998334884644
0.29938581585884094
0.240956649184227
0.3858852982521057
0.26749250292778015
0.2202080637216568
0.3242943286895752
0.2657594084739685
0.27918827533721924
0.21965493261814117
0.42020678520202637
0.4612402021884918
0.4486198425292969
0.43042296171188354
0.46920037269592285
0.4549464285373688
0.21158796548843384
0.39632648229599
0.43186241388320923
0.4188435971736908
0.4382578730583191
0.44648632407188416
0.38690364360809326
0.41361361742019653
0.3980368971824646
0.23793543875217438
0.21172767877578735
0.3101668953895569
0.34526023268699646
0.3516857326030731
0.6282696723937988
0.28743159770965576
0.29251721501350403
0.5574078559875488
0.3229098618030548
0.5930421948432922
0.23894789814949036
0.23638847470283508
0.2487889528274536
0.24504242837429047
0.5292015671730042
0.5953908562660217
0.47790804505348206
0.551547646522522
0.5713691115379333
0.6130561828613281
0.5463059544563293
0.661612331867218
0.6573166847229004
0.6898930072784424
0.7443989515304565
0.7481964230537415
0.731456458568573
0.7493932843208313
0.7189897894859314
0.6260236501693726
0.5217461585998535
0.5917039513587952
0.4254606366157532
0.5019477009773254
0.5135722160339355
0.6090470552444458
0.7074649333953857
0.6594366431236267
0.6797780394554138
0.7260806560516357
0.740196943283081
0.7356651425361633
0.4514179527759552
0.579077959060669
0.5831052660942078
0.6809481382369995
0.6289560198783875
0.6240490674972534
0.5459728240966797
0.5716773867607117
0.5311788320541382
0.5609050989151001
0.6648117303848267
0.6399405598640442
0.6906611919403076
0.6856023073196411
0.5488335490226746
0.5354180335998535
0.5647349953651428
0.5506027340888977
0.43618038296699524
0.5186761617660522
0.5511523485183716
0.8150589466094971
0.5633987188339233
0.554978609085083
0.5884342193603516
0.5822595953941345
0.5959258079528809
0.29898425936698914
0.569538950920105
0.35941949486732483
0.8214120268821716
0.6427010893821716
0.8361043334007263
0.5881614089012146
0.4747457802295685
0.36702731251716614
0.24400658905506134
0.4450470507144928
0.20550031960010529
0.5605650544166565
0.49364447593688965
0.44899433851242065
0.4346385896205902
0.7569212913513184
0.745644748210907
0.7292618155479431
0.5385064482688904
0.7389456033706665
0.6436072587966919
0.7332589626312256
0.7700343728065491
0.7550472617149353
0.8227224349975586
0.7212537527084351
0.8213062286376953
0.823571503162384
0.8233413100242615
0.7718392014503479
0.8275258541107178
0.8439545631408691
0.7850390672683716
