64
0.10841067135334015
0.13135236501693726
0.27238890528678894
0.1352379471063614
0.37193700671195984
0.20710542798042297
0.278229296207428
0.30540621280670166
0.2661132514476776
0.3207019567489624
0.2620083689689636
0.1753004789352417
0.10587939620018005
0.09024149179458618
0.15490318834781647
0.07770899683237076
0.12200222909450531
0.09686131030321121
0.06698761880397797
0.2274356633424759
0.24776484072208405
0.24782966077327728
0.25821277499198914
0.3140820264816284
0.293327271938324
0.30613192915916443
0.11056054383516312
0.41299816966056824
0.18934795260429382
0.1777896285057068
0.3231600522994995
0.2574945092201233
0.17628677189350128
0.17499986290931702
0.8238422274589539
0.45142361521720886
0.2817913293838501
0.23602992296218872
0.37484773993492126
0.289629191160202
0.2534719407558441
0.2204829752445221
0.5981040000915527
0.7241184115409851
0.5722045302391052
0.5630095601081848
0.6085585951805115
0.6575160622596741
0.6938173174858093
0.6213902235031128
0.7032436728477478
0.6532745361328125
0.6597753167152405
0.492798775434494
0.6134513020515442
0.47460827231407166
0.4919854700565338
0.44002437591552734
0.4924439787864685
0.44164496660232544
0.45934760570526123
0.5753571391105652
0.8074195384979248
0.8385221362113953
