362
0.1904289573431015
0.20766763389110565
0.3681008815765381
0.07851099967956543
0.07395840436220169
0.22248215973377228
0.08832806348800659
0.11206801980733871
0.28315722942352295
0.14483776688575745
0.09652526676654816
0.14763212203979492
0.20718280971050262
0.1190984919667244
0.09605694562196732
0.15848280489444733
0.13137421011924744
0.09497052431106567
0.07900034636259079
0.0899161770939827
0.07551176846027374
0.08599384129047394
0.13865694403648376
0.07435116171836853
0.10353609919548035
0.12141147255897522
0.12242252379655838
0.3176664412021637
0.32483816146850586
0.11631517112255096
0.31393754482269287
0.44178396463394165
0.383506715297699
0.4621891379356384
0.46410948038101196
0.17907142639160156
0.11064258217811584
0.08647822588682175
0.08099164068698883
0.09159966558218002
0.25223395228385925
0.10362718254327774
0.08718456327915192
0.09860827028751373
0.2634263336658478
0.1227327510714531
0.14486148953437805
0.16610226035118103
0.32661256194114685
0.38975319266319275
0.421461284160614
0.0836285874247551
0.15611368417739868
0.1662217676639557
0.2505987882614136
0.2585819661617279
0.24435342848300934
0.30106231570243835
0.06411007791757584
0.17669616639614105
0.07454723864793777
0.08826348185539246
0.2402820587158203
0.1200997456908226
0.12477491796016693
0.12006410211324692
0.10942176729440689
0.09103414416313171
0.13091397285461426
0.13953213393688202
0.15319493412971497
0.1416919231414795
0.16706739366054535
0.07409586012363434
0.10113022476434708
0.09548676013946533
0.1269875019788742
0.11694235354661942
0.24842286109924316
0.29862362146377563
0.3522792160511017
0.07583516091108322
0.08839713037014008
0.0912126749753952
0.2646501064300537
0.09375060349702835
0.09698345512151718
0.15735432505607605
0.2722724676132202
0.09499663859605789
0.1533382683992386
0.2671782374382019
0.10775976628065109
0.15881091356277466
0.2603074014186859
0.31254348158836365
0.06915803998708725
0.1070239320397377
0.09920025616884232
0.10787718743085861
0.22617343068122864
0.20382775366306305
0.18625935912132263
0.18876196444034576
0.4831959903240204
0.1873723566532135
0.20956531167030334
0.221847265958786
0.5395907163619995
0.18639999628067017
0.3374263346195221
0.355021595954895
0.2524680495262146
0.29358941316604614
0.5200849771499634
0.2571151852607727
0.5198330283164978
0.4297081232070923
0.6366655230522156
0.2603524327278137
0.4739495813846588
0.835166335105896
0.7671889066696167
0.8106427192687988
0.836700439453125
0.8096960186958313
0.8211164474487305
0.8112471103668213
0.8443356156349182
0.8155725598335266
0.8221828937530518
0.8504800796508789
0.8211007714271545
0.7796666622161865
0.7995304465293884
0.7990363240242004
0.7773460149765015
0.8406175374984741
0.8444930911064148
0.8345227837562561
0.8283615708351135
0.30853402614593506
0.6186171174049377
0.26729968190193176
0.20136360824108124
0.5033676624298096
0.18291592597961426
0.21163882315158844
0.5194664001464844
0.2144821584224701
0.22652851045131683
0.5384848713874817
0.19405870139598846
0.2101692110300064
0.3508490324020386
0.3516073226928711
0.4088914394378662
0.2528451681137085
0.32998591661453247
0.2834324240684509
0.28578272461891174
0.46167758107185364
0.5077975392341614
0.5072431564331055
0.5506864786148071
0.547563374042511
0.5302419066429138
0.28867441415786743
0.6648803353309631
0.2522404193878174
0.48027247190475464
0.5687992572784424
0.6730440258979797
0.4433803856372833
0.5635733008384705
0.5380463600158691
0.649601399898529
0.5309242606163025
0.6436254978179932
0.6623223423957825
0.743480920791626
0.48777055740356445
0.6646124720573425
0.48924627900123596
0.5945329666137695
0.6656296849250793
0.58980393409729
0.7289444208145142
0.5699440836906433
0.6279691457748413
0.5427589416503906
0.4532029926776886
0.5577877759933472
0.4883505403995514
0.6054190397262573
0.6676517724990845
0.6306538581848145
0.5230274796485901
0.50174880027771
0.745955765247345
0.5333754420280457
0.633240282535553
0.7591225504875183
0.5624252557754517
0.6551887392997742
0.7367106676101685
0.5311887264251709
0.6344415545463562
0.7547906637191772
0.7977720499038696
0.7638065218925476
0.4257775545120239
0.570688784122467
0.5789968371391296
0.4987112879753113
0.5701565742492676
0.5785070657730103
0.4987981617450714
0.6121989488601685
0.6213780045509338
0.5375317335128784
0.6075005531311035
0.6167763471603394
0.541386604309082
0.5878769755363464
0.5969601273536682
0.5425933003425598
0.5149304866790771
0.6976067423820496
0.7060886025428772
0.6599442362785339
0.546261191368103
0.5402113795280457
0.5922818779945374
0.5428215861320496
0.589730978012085
0.4209592938423157
0.5418249368667603
0.6234455108642578
0.7157058119773865
0.5082371830940247
0.6883065104484558
0.5934902429580688
0.6736037731170654
0.4909672737121582
0.6646305322647095
0.5939183831214905
0.5952219367027283
0.5556190013885498
0.40593698620796204
0.5229495167732239
0.4785010814666748
0.41774219274520874
0.7253590822219849
0.5449024438858032
0.6506918668746948
0.6945700645446777
0.5070745348930359
0.6206230521202087
0.699526846408844
0.5396828651428223
0.6491140127182007
0.80534428358078
0.5070686936378479
0.5819780826568604
0.5913497805595398
0.5144497752189636
0.5799983143806458
0.5897477865219116
0.5221707820892334
0.4885638952255249
0.49476850032806396
0.4637904763221741
0.6668534278869629
0.6759098172187805
0.6445499062538147
0.5876731872558594
0.5671069025993347
0.5962013006210327
0.5663213133811951
0.5919051766395569
0.39935484528541565
0.6008583903312683
0.6641827821731567
0.5775858163833618
0.646773099899292
0.5636959671974182
0.6353605389595032
0.4829791486263275
0.5885912775993347
0.4256640672683716
0.4675598442554474
0.6162150502204895
0.41994959115982056
0.4780547320842743
0.6247456669807434
0.43133577704429626
0.5130890011787415
0.65639328956604
0.46863847970962524
0.42830803990364075
0.4772510826587677
0.5031394362449646
0.49573609232902527
0.32066810131073
0.6363333463668823
0.6566709876060486
0.45060601830482483
0.6890861392021179
0.6336163878440857
0.42228811979293823
0.6599029302597046
0.664717435836792
0.474361777305603
0.6793253421783447
0.6985147595405579
0.7499167919158936
0.5085700750350952
0.5510071516036987
0.5108339190483093
0.5486041903495789
0.4284486770629883
0.45985203981399536
0.6348037719726562
0.6376088857650757
0.4706036150455475
0.6619700193405151
0.5086697936058044
0.5501737594604492
0.5122510194778442
0.5461549162864685
0.5658051371574402
0.6264161467552185
0.5686072111129761
0.5442371964454651
0.7815401554107666
0.7984607815742493
0.7745068669319153
0.5679256916046143
0.5551775693893433
0.5026035308837891
0.7237053513526917
0.46441617608070374
0.47258251905441284
0.5617112517356873
0.4308003783226013
0.5937721729278564
0.5050286650657654
0.42553529143333435
0.5687223672866821
0.37146061658859253
0.8470343351364136
0.8075800538063049
0.8268995881080627
0.8367347121238708
0.8457437753677368
0.8412020206451416
0.8294525146484375
0.7767094969749451
0.7752220630645752
0.8303582072257996
0.7406439781188965
