107
0.3042161762714386
0.2729910612106323
0.06974918395280838
0.10962069779634476
0.094312883913517
0.27830809354782104
0.10395906865596771
0.3100232779979706
0.13202546536922455
0.1299767941236496
0.11014936119318008
0.21222172677516937
0.1842406541109085
0.1838436722755432
0.1519107222557068
0.17290107905864716
0.22393976151943207
0.08055901527404785
0.06835166364908218
0.13514235615730286
0.08678749948740005
0.14727714657783508
0.14590372145175934
0.08554797619581223
0.11638688296079636
0.10403251647949219
0.13627833127975464
0.1227983683347702
0.24681290984153748
0.3053545653820038
0.14991813898086548
0.1863775998353958
0.5266568660736084
0.1865718513727188
0.5254657864570618
0.11439931392669678
0.13808155059814453
0.37595126032829285
0.3458222448825836
0.42759737372398376
0.34324875473976135
0.3031553626060486
0.22286935150623322
0.8443513512611389
0.7587417960166931
0.6034608483314514
0.7511603236198425
0.23684346675872803
0.2979373633861542
0.16886863112449646
0.20928779244422913
0.5594565868377686
0.11673121899366379
0.1398535668849945
0.36795464158058167
0.3951050043106079
0.4360285699367523
0.3479112684726715
0.3093093931674957
0.2852809429168701
0.5358943343162537
0.4448431730270386
0.6159064769744873
0.4721960425376892
0.652465283870697
0.4181528687477112
0.6364628076553345
0.4753541946411133
0.3913124203681946
0.4646807312965393
0.6651108264923096
0.40320447087287903
0.6524606943130493
0.6373468637466431
0.5172560214996338
0.5868309140205383
0.5308631658554077
0.39152204990386963
0.45009538531303406
0.46397387981414795
0.3836120665073395
0.5328793525695801
0.544653058052063
0.4839119613170624
0.47781598567962646
0.4794348478317261
0.502338707447052
0.4663618803024292
0.5992874503135681
0.7571218609809875
0.746870756149292
0.8294137716293335
0.6131458878517151
0.48605942726135254
0.5674669742584229
0.5722030401229858
0.5746088027954102
0.3198472261428833
0.5658708214759827
0.3454868197441101
0.5231147408485413
0.523363471031189
0.7850756049156189
0.7825392484664917
0.8291704654693604
0.8350715637207031
0.821752667427063
