113
0.08915459364652634
0.10842461884021759
0.13964350521564484
0.11890929937362671
0.16282086074352264
0.11210332810878754
0.11557473242282867
0.11195611208677292
0.15241827070713043
0.07043879479169846
0.0704677477478981
0.08394903689622879
0.07458456605672836
0.11980349570512772
0.1067504808306694
0.16802223026752472
0.11343308538198471
0.17883194983005524
0.08760262280702591
0.10740261524915695
0.2513139545917511
0.10180411487817764
0.08406683802604675
0.31812021136283875
0.2876635789871216
0.35697925090789795
0.10452011227607727
0.10788316279649734
0.08385930955410004
0.11497662216424942
0.08391490578651428
0.07867138087749481
0.10687503963708878
0.07101594656705856
0.08264085650444031
0.06916225701570511
0.07495144009590149
0.19298574328422546
0.07057138532400131
0.17542311549186707
0.06546971946954727
0.13200286030769348
0.27161431312561035
0.07016047090291977
0.23154431581497192
0.43235838413238525
0.2886131703853607
0.5387314558029175
0.4744453728199005
0.7123844623565674
0.8419358730316162
0.8465622067451477
0.8141955733299255
0.8376330733299255
0.4233962595462799
0.3632103204727173
0.5841351747512817
0.542458713054657
0.474164754152298
0.5893419981002808
0.5988128185272217
0.6058638691902161
0.46692585945129395
0.484984815120697
0.46009334921836853
0.4682943820953369
0.4777861535549164
0.41419079899787903
0.430960476398468
0.5111119747161865
0.5804516077041626
0.672881007194519
0.6639203429222107
0.6276827454566956
0.5751587152481079
0.6103059649467468
0.6085805296897888
0.4646342098712921
0.47358620166778564
0.48414644598960876
0.45817190408706665
0.4771363139152527
0.4493938684463501
0.45789599418640137
0.4678252339363098
0.4019840657711029
0.41896915435791016
0.6509360671043396
0.5729882717132568
0.6831076145172119
0.5524467825889587
0.6027402281761169
0.6084794998168945
0.46332231163978577
0.4576195776462555
0.44968560338020325
0.4410601556301117
0.399484246969223
0.4920833706855774
0.628411054611206
0.5491346120834351
0.5656617283821106
0.39106985926628113
0.5731080174446106
0.6083387136459351
0.6493103504180908
0.81148761510849
0.8070201277732849
0.7289466261863708
0.7962200045585632
0.7681365609169006
0.8337973952293396
0.8292757272720337
