45
0.2739983797073364
0.3136036992073059
0.1176876500248909
0.3327927887439728
0.1742277443408966
0.3374158442020416
0.30127575993537903
0.2669605314731598
0.17474600672721863
0.08285932242870331
0.24405895173549652
0.0753636583685875
0.2017226219177246
0.4201291501522064
0.2745911180973053
0.4238907992839813
0.33259117603302
0.5201151371002197
0.2685277462005615
0.8151546120643616
0.48310789465904236
0.26228925585746765
0.39620375633239746
0.36852726340293884
0.5523272156715393
0.23919165134429932
0.5997864007949829
0.626800537109375
0.6898906230926514
0.6387974619865417
0.6211507320404053
0.5764498114585876
0.3581104874610901
0.5893989205360413
0.39994683861732483
0.434980571269989
0.6825678944587708
0.47538867592811584
0.4013674259185791
0.6706076264381409
0.3814657926559448
0.7297487854957581
0.47152405977249146
0.6733395457267761
0.4017450213432312
