225
0.11944928765296936
0.20662418007850647
0.15769624710083008
0.1168874055147171
0.20396743714809418
0.15334175527095795
0.18681123852729797
0.2418207824230194
0.13343775272369385
0.16666258871555328
0.20883047580718994
0.25571608543395996
0.1901952475309372
0.34445345401763916
0.29082268476486206
0.16864271461963654
0.3624732494354248
0.1466911882162094
0.30281510949134827
0.1457042545080185
0.2803434729576111
0.26457053422927856
0.2754337787628174
0.18779082596302032
0.07565069943666458
0.1296711564064026
0.14135591685771942
0.07142903655767441
0.12441853433847427
0.1347055584192276
0.17503555119037628
0.2266443520784378
0.161917045712471
0.10996270924806595
0.11235155910253525
0.12519009411334991
0.1279653161764145
0.16710595786571503
0.11583134531974792
0.11847953498363495
0.10525710135698318
0.27649664878845215
0.29476937651634216
0.09226785600185394
0.28358128666877747
0.15488210320472717
0.08751785755157471
0.3154982924461365
0.38343578577041626
0.20323000848293304
0.08890875428915024
0.23955106735229492
0.2255190759897232
0.17143790423870087
0.26541653275489807
0.18713730573654175
0.19707289338111877
0.1935291439294815
0.2931504249572754
0.21019279956817627
0.2213849276304245
0.19770769774913788
0.29944032430648804
0.21512340009212494
0.22561894357204437
0.4197322726249695
0.3060031235218048
0.3626047372817993
0.3997352719306946
0.2194046825170517
0.24316540360450745
0.21620993316173553
0.41417577862739563
0.5663172602653503
0.28083735704421997
0.40980538725852966
0.4816698431968689
0.842043399810791
0.7326751351356506
0.7791198492050171
0.8326879739761353
0.7670080661773682
0.8375523686408997
0.8428254723548889
0.3663010001182556
0.522261381149292
0.38719916343688965
0.20967018604278564
0.22859923541545868
0.3556790053844452
0.25402945280075073
0.25832828879356384
0.24033664166927338
0.2645106613636017
0.398409903049469
0.2937038838863373
0.29306185245513916
0.22877714037895203
0.3490843176841736
0.25382673740386963
0.25544804334640503
0.4591597616672516
0.23765388131141663
0.21353447437286377
0.2548927664756775
0.142908975481987
0.42563867568969727
0.5713139772415161
0.3710850775241852
0.5272131562232971
0.46847307682037354
0.7195879817008972
0.6578927040100098
0.7070408463478088
0.4841083288192749
0.3434566855430603
0.46456512808799744
0.7237473130226135
0.7194477915763855
0.5861605405807495
0.5605347752571106
0.57474684715271
0.5576494932174683
0.6447682976722717
0.4515470564365387
0.5556086301803589
0.6553497314453125
0.7060866951942444
0.528866171836853
0.5489973425865173
0.5500758290290833
0.5590803027153015
0.584395170211792
0.4953707456588745
0.5149105191230774
0.5153164863586426
0.5277281403541565
0.5564429759979248
0.5144505500793457
0.5290836691856384
0.5722079873085022
0.4927350878715515
0.5061872005462646
0.5536128878593445
0.4278167188167572
0.44451481103897095
0.443136990070343
0.4468269646167755
0.49875202775001526
0.5093593001365662
0.5097545385360718
0.5249560475349426
0.5509817600250244
0.4937470257282257
0.51337730884552
0.5137312412261963
0.5292426943778992
0.5556254982948303
0.5640577077865601
0.5866794586181641
0.5862167477607727
0.584881067276001
0.6371794939041138
0.5196290016174316
0.5841659307479858
0.5753506422042847
0.45748043060302734
0.6193852424621582
0.533014178276062
0.5942273736000061
0.45717653632164
0.6433680653572083
0.5209489464759827
0.5809703469276428
0.5737447738647461
0.6387152075767517
0.33396437764167786
0.516567051410675
0.33267518877983093
0.5841861367225647
0.3904499113559723
0.46364450454711914
0.5530547499656677
0.5830649733543396
0.5842975378036499
0.29220008850097656
0.2774882912635803
0.49647825956344604
0.4957399368286133
0.4482867419719696
0.5585384964942932
0.4126443862915039
0.4126673638820648
0.46258965134620667
0.4666101038455963
0.4159834086894989
0.41619953513145447
0.437778115272522
0.46614307165145874
0.7592734098434448
0.592183530330658
0.6345072388648987
0.47494715452194214
0.5059584379196167
0.8119920492172241
0.7044141292572021
0.8063318133354187
0.5196971893310547
0.45890510082244873
0.5831106305122375
0.5328916907310486
0.5760332345962524
0.4397065043449402
0.36995187401771545
0.8378548622131348
0.6990344524383545
0.848276674747467
0.7291684746742249
0.5949773192405701
0.7763073444366455
0.7799456119537354
0.836666464805603
0.8306494951248169
0.803131639957428
0.8211423754692078
