105
0.3371725082397461
0.16355641186237335
0.27132105827331543
0.14150230586528778
0.4211467504501343
0.26059219241142273
0.37211301922798157
0.19163979589939117
0.4005521833896637
0.3262248933315277
0.34137865900993347
0.20779657363891602
0.3154059648513794
0.328595370054245
0.2157142609357834
0.10357561707496643
0.08159208297729492
0.2647175192832947
0.30264773964881897
0.09549389034509659
0.24727509915828705
0.30302420258522034
0.2924913167953491
0.19006997346878052
0.16256488859653473
0.21166247129440308
0.3168289065361023
0.24428682029247284
0.4762100577354431
0.41454851627349854
0.4078192114830017
0.14198078215122223
0.15614591538906097
0.5030263662338257
0.18403027951717377
0.19593457877635956
0.6192902326583862
0.24019382894039154
0.24897804856300354
0.21099448204040527
0.5710232853889465
0.8219000101089478
0.6482599377632141
0.45043134689331055
0.7109537124633789
0.8103814125061035
0.6709322333335876
0.823951005935669
0.8247117400169373
0.8317875266075134
0.28080493211746216
0.5831408500671387
0.4172440469264984
0.15384703874588013
0.4971989691257477
0.18908609449863434
0.2002909928560257
0.5795326232910156
0.22678391635417938
0.23554369807243347
0.22609932720661163
0.44912728667259216
0.6667091846466064
0.5083382725715637
0.5972343683242798
0.6151101589202881
0.39182475209236145
0.6127800345420837
0.5547887086868286
0.45914533734321594
0.4558957815170288
0.4462476074695587
0.5467459559440613
0.3742140531539917
0.42835575342178345
0.5974584221839905
0.5009283423423767
0.557535707950592
0.5561456084251404
0.4790686368942261
0.6805919408798218
0.5692896842956543
0.4031112492084503
0.4026307165622711
0.3154614567756653
0.30090492963790894
0.48520538210868835
0.5289126634597778
0.35726311802864075
0.5367462038993835
0.7995388507843018
0.40398111939430237
0.7063627243041992
0.6728907823562622
0.5528238415718079
0.5511230826377869
0.25129958987236023
0.5732141733169556
0.5679190158843994
0.3902040421962738
0.27193722128868103
0.6040417551994324
0.5988142490386963
0.7128153443336487
0.8353717923164368
