145
0.2997111976146698
0.07683860510587692
0.1394224315881729
0.3188764750957489
0.30190765857696533
0.42991331219673157
0.4288482367992401
0.5120512843132019
0.12221108376979828
0.16392333805561066
0.09545949101448059
0.2337723821401596
0.13052375614643097
0.3442649245262146
0.16865088045597076
0.1953018307685852
0.19178569316864014
0.0824197456240654
0.1681450605392456
0.09232764691114426
0.31069591641426086
0.07610638439655304
0.08530207723379135
0.07758073508739471
0.07911922037601471
0.08566945791244507
0.08735882490873337
0.24446527659893036
0.12451934069395065
0.07880312949419022
0.32160112261772156
0.08839564770460129
0.11819411814212799
0.09282013028860092
0.10128755867481232
0.13069504499435425
0.43480560183525085
0.27863141894340515
0.28524744510650635
0.27217981219291687
0.27864015102386475
0.5110841393470764
0.2948459982872009
0.4650292694568634
0.49667415022850037
0.19484354555606842
0.2668420672416687
0.7349787354469299
0.7413694858551025
0.45356670022010803
0.8378271460533142
0.8225805163383484
0.8233979344367981
0.7111911773681641
0.834145188331604
0.8277798295021057
0.8282532691955566
0.7837367057800293
0.771216630935669
0.4157082736492157
0.37421417236328125
0.2398071140050888
0.24542170763015747
0.2995583713054657
0.30646347999572754
0.7038769125938416
0.4606994390487671
0.43522098660469055
0.3098897337913513
0.4458792507648468
0.4205584228038788
0.4746663272380829
0.1772974729537964
0.3594381511211395
0.5267088413238525
0.298878937959671
0.7065921425819397
0.5125824213027954
0.5137733817100525
0.041079141199588776
0.21036291122436523
0.20431998372077942
0.10382114350795746
0.5264752507209778
0.5180522799491882
0.05791837349534035
0.3052186369895935
0.2983432412147522
0.4916924238204956
0.4924524426460266
0.4770870506763458
0.47913557291030884
0.5624922513961792
0.6395265460014343
0.620346188545227
0.6703493595123291
0.6494752764701843
0.7248371839523315
0.48232778906822205
0.48355937004089355
0.04293971136212349
0.23590409755706787
0.22858582437038422
0.5775591135025024
0.5781008005142212
0.5911133885383606
0.5718568563461304
0.6085119843482971
0.6165983080863953
0.5947511792182922
0.2991882264614105
0.4354132115840912
0.32688409090042114
0.32703304290771484
0.483148455619812
0.5442692637443542
0.5615506768226624
0.47240421175956726
0.7626305222511292
0.6187299489974976
0.6205163598060608
0.6364626288414001
0.5530943870544434
0.5530638694763184
0.5569779276847839
0.5569471716880798
0.8021444082260132
0.4352409541606903
0.4501858949661255
0.46514660120010376
0.7485141158103943
0.790777862071991
0.6758143901824951
0.5475542545318604
0.6963732242584229
0.8506141901016235
0.850705623626709
0.8478152751922607
0.8154072165489197
0.8248425722122192
0.7785447835922241
0.8492559194564819
0.8228826522827148
0.8286277651786804
0.7869457602500916
