357
0.1227431669831276
0.29904821515083313
0.21681049466133118
0.2908810079097748
0.26142704486846924
0.3008233308792114
0.3016136884689331
0.27775952219963074
0.31017839908599854
0.423076868057251
0.20996195077896118
0.29552778601646423
0.25057193636894226
0.39858299493789673
0.34385567903518677
0.37619587779045105
0.40665870904922485
0.3462328314781189
0.445987731218338
0.16407495737075806
0.2315448820590973
0.2954668700695038
0.21014776825904846
0.26305896043777466
0.3401252329349518
0.24583803117275238
0.2676837146282196
0.26271936297416687
0.330081582069397
0.2141430824995041
0.2672576308250427
0.28292474150657654
0.351411372423172
0.3226345479488373
0.3666363060474396
0.35721462965011597
0.07912784069776535
0.1299610286951065
0.15144877135753632
0.1301434487104416
0.3406582176685333
0.07868378609418869
0.2664669454097748
0.17790333926677704
0.18445102870464325
0.26119548082351685
0.2565844655036926
0.19268961250782013
0.2456350177526474
0.22450347244739532
0.12831532955169678
0.21973125636577606
0.2335788756608963
0.24323830008506775
0.2523058354854584
0.2784251868724823
0.30783092975616455
0.2901405990123749
0.09301750361919403
0.10210265964269638
0.14583024382591248
0.12466840445995331
0.1251334846019745
0.24818825721740723
0.2668819725513458
0.13124437630176544
0.13174474239349365
0.25535446405410767
0.27209949493408203
0.2749338150024414
0.10069261491298676
0.11124129593372345
0.27860090136528015
0.2537100911140442
0.18322277069091797
0.20934447646141052
0.22066453099250793
0.3068377673625946
0.31111136078834534
0.3170786201953888
0.24890808761119843
0.27657845616340637
0.07043983787298203
0.08454136550426483
0.2055002599954605
0.4341125190258026
0.20271140336990356
0.20871993899345398
0.21455366909503937
0.193498894572258
0.19978849589824677
0.2081831395626068
0.28705236315727234
0.29189714789390564
0.2732604444026947
0.5738993883132935
0.5452770590782166
0.4148019552230835
0.5161239504814148
0.20352748036384583
0.41407549381256104
0.5152661204338074
0.20308351516723633
0.49138954281806946
0.3728531301021576
0.19505959749221802
0.42720893025398254
0.5250009298324585
0.23796935379505157
0.165957972407341
0.1833001673221588
0.19824634492397308
0.2261042296886444
0.24395115673542023
0.2763371467590332
0.2652616500854492
0.23879073560237885
0.19766147434711456
0.5216931700706482
0.35366928577423096
0.3771522343158722
0.3136163353919983
0.5459772348403931
0.3078725039958954
0.8348995447158813
0.8499477505683899
0.8375623226165771
0.8413878083229065
0.8171043395996094
0.8337390422821045
0.7564005851745605
0.7587445974349976
0.836037278175354
0.8279368281364441
0.8273379802703857
0.8361309170722961
0.8449745178222656
0.8444562554359436
0.833432674407959
0.27519142627716064
0.27787908911705017
0.44472774863243103
0.39118489623069763
0.18642528355121613
0.19202692806720734
0.20123259723186493
0.20870348811149597
0.21439799666404724
0.21858365833759308
0.2703869938850403
0.2747970223426819
0.26033949851989746
0.5356905460357666
0.6200365424156189
0.295966774225235
0.5748242735862732
0.5218619704246521
0.6070683002471924
0.3023141324520111
0.5098769664764404
0.5935065150260925
0.3058161437511444
0.2199525386095047
0.2363915592432022
0.24234779179096222
0.2723418176174164
0.26057422161102295
0.2877155542373657
0.3130930960178375
0.3189108967781067
0.32640859484672546
0.2638155519962311
0.3566201627254486
0.28056252002716064
0.22956880927085876
0.4153207242488861
0.43542397022247314
0.3546537160873413
0.5375944972038269
0.5536382794380188
0.4427352845668793
0.5182258486747742
0.530183732509613
0.3207492530345917
0.7195180058479309
0.666053831577301
0.6954516768455505
0.5480138659477234
0.6791372299194336
0.596790075302124
0.6828904151916504
0.6013288497924805
0.6811591982841492
0.5278717279434204
0.5442160367965698
0.5342162251472473
0.6434486508369446
0.5778411030769348
0.6036431789398193
0.32616743445396423
0.6943702101707458
0.4155997335910797
0.5929766297340393
0.5360989570617676
0.48661381006240845
0.38469332456588745
0.5259947180747986
0.5103309750556946
0.5910119414329529
0.5944632887840271
0.667996346950531
0.4799588918685913
0.582847535610199
0.5935229063034058
0.6190260648727417
0.4631921350955963
0.7216339111328125
0.6731089353561401
0.4585953652858734
0.6191889047622681
0.5273465514183044
0.6981826424598694
0.5503297448158264
0.5257221460342407
0.590680718421936
0.5452470779418945
0.603152334690094
0.27845123410224915
0.5781042575836182
0.5392452478408813
0.5932040214538574
0.28392088413238525
0.657988965511322
0.34344542026519775
0.5528144240379333
0.4351663589477539
0.5925541520118713
0.5392107367515564
0.5088149309158325
0.4448680579662323
0.46360448002815247
0.5448043346405029
0.4863213896751404
0.5746881365776062
0.5935009121894836
0.6686062812805176
0.42618808150291443
0.4552185833454132
0.6516934037208557
0.603333592414856
0.5536553859710693
0.5387147068977356
0.6613665223121643
0.6394599080085754
0.5738838315010071
0.6437197327613831
0.568749189376831
0.5507438778877258
0.6003936529159546
0.5412716865539551
0.4063412547111511
0.6338448524475098
0.5762194991111755
0.444058895111084
0.5619379281997681
0.5309257507324219
0.6065273284912109
0.6088924407958984
0.5873900055885315
0.5495457649230957
0.6782844066619873
0.5213102698326111
0.6562869548797607
0.49013271927833557
0.6306889653205872
0.4894562065601349
0.6299251914024353
0.45706406235694885
0.606884777545929
0.4228932559490204
0.5758647322654724
0.46441754698753357
0.6219117641448975
0.477998822927475
0.61844801902771
0.5460994839668274
0.4099266529083252
0.6630665063858032
0.5279384255409241
0.4894523322582245
0.4893874526023865
0.6143015027046204
0.6182205677032471
0.6021164655685425
0.4806329607963562
0.46871012449264526
0.5338114500045776
0.53620445728302
0.5989202857017517
0.5989181995391846
0.5348638296127319
0.5348635315895081
0.5346117615699768
0.5487076640129089
0.5486734509468079
0.6778847575187683
0.7230873703956604
0.706193745136261
0.8312637209892273
0.3854582607746124
0.8124528527259827
0.8364726901054382
0.8345239162445068
0.5315021276473999
0.5959505438804626
0.7678306102752686
0.41035136580467224
0.5739017128944397
0.5506526231765747
0.4261597990989685
0.5137597322463989
0.6954578161239624
0.7349993586540222
0.7606038451194763
0.7645403742790222
0.5906296372413635
0.6205785274505615
0.53187495470047
0.6618947982788086
0.6760587096214294
0.7256677746772766
0.7248510122299194
0.7697640061378479
0.7108179330825806
0.5221445560455322
0.5155865550041199
0.5094768404960632
0.535936176776886
0.5300785899162292
0.522860586643219
0.8158297538757324
0.5068040490150452
0.5329512357711792
0.4116304814815521
0.569453775882721
0.6735481023788452
0.6146984696388245
0.6152840852737427
0.6050425171852112
0.6474524140357971
0.6997096538543701
0.614341676235199
0.7892225384712219
0.8066216707229614
0.8425568342208862
0.6825430393218994
0.8343011140823364
