51
0.1639219969511032
0.2796975374221802
0.17624738812446594
0.15303337574005127
0.10087691247463226
0.1819915622472763
0.09521797299385071
0.12029039114713669
0.25273430347442627
0.23903049528598785
0.15422746539115906
0.08351490646600723
0.17965863645076752
0.1811782270669937
0.2050432711839676
0.08593736588954926
0.3867693543434143
0.5518079996109009
0.4362410008907318
0.5496784448623657
0.8113579750061035
0.8241778016090393
0.7743907570838928
0.7993507385253906
0.37056028842926025
0.5055564045906067
0.5740861892700195
0.6196227073669434
0.38881897926330566
0.5852636098861694
0.5923540592193604
0.6271822452545166
0.6412776112556458
0.5996604561805725
0.575320839881897
0.45344242453575134
0.6094716787338257
0.6251673698425293
0.5031619071960449
0.5186701416969299
0.4004153311252594
0.5705956816673279
0.5881503820419312
0.5222176909446716
0.5402867197990417
0.37611261010169983
0.392333060503006
0.7358447313308716
0.7356992363929749
0.8006352186203003
0.8491913080215454
