123
0.14614757895469666
0.37139683961868286
0.2265673726797104
0.2332955002784729
0.08147963136434555
0.15773794054985046
0.1297459453344345
0.16487333178520203
0.2375539094209671
0.17905034124851227
0.18938319385051727
0.1274092197418213
0.13036887347698212
0.23767971992492676
0.08046696335077286
0.1338120549917221
0.23955011367797852
0.10709378123283386
0.17134292423725128
0.15463688969612122
0.21624334156513214
0.18542899191379547
0.1889498233795166
0.0724501982331276
0.10170344263315201
0.1593431979417801
0.1827116161584854
0.14212115108966827
0.2427096962928772
0.08746308088302612
0.1429189294576645
0.18663354218006134
0.09747061133384705
0.20880061388015747
0.29408541321754456
0.3820168077945709
0.3873994052410126
0.19633404910564423
0.1799243986606598
0.43918222188949585
0.40572217106819153
0.4784366190433502
0.44358089566230774
0.7074348330497742
0.6877773404121399
0.41296136379241943
0.16795039176940918
0.19722504913806915
0.8050850033760071
0.8198839426040649
0.2014717012643814
0.3131045401096344
0.4178062081336975
0.327684223651886
0.4387505054473877
0.47959810495376587
0.20489022135734558
0.2283228188753128
0.48446163535118103
0.4527815580368042
0.5325630307197571
0.4996037185192108
0.7011659145355225
0.683571994304657
0.3845924139022827
0.19024091958999634
0.26596081256866455
0.5778666138648987
0.5769136548042297
0.4951361119747162
0.6161473393440247
0.695128321647644
0.6557592749595642
0.6559832096099854
0.6110042333602905
0.644808292388916
0.5800215005874634
0.6299651265144348
0.5696805119514465
0.6500056982040405
0.45668503642082214
0.5507382750511169
0.5553461313247681
0.6249765753746033
0.6175976395606995
0.5691095590591431
0.5795292258262634
0.62388014793396
0.7330469489097595
0.5367973446846008
0.538853645324707
0.4959045350551605
0.611582338809967
0.5180495977401733
0.6073609590530396
0.6106078624725342
0.5462040305137634
0.5956707000732422
0.7010820508003235
0.6024859547615051
0.4463209807872772
0.5247201323509216
0.6347216367721558
0.5333832502365112
0.7729575634002686
0.5096561312675476
0.5114449858665466
0.3807080090045929
0.48983266949653625
0.8131627440452576
0.4225030541419983
0.419360876083374
0.22815708816051483
0.26400482654571533
0.36936843395233154
0.7338373064994812
0.6967435479164124
0.7356036901473999
0.8213489651679993
0.5662646889686584
0.8214573860168457
0.7414646744728088
0.7578943967819214
