397
0.10371875017881393
0.08870146423578262
0.15347416698932648
0.15433673560619354
0.08503261208534241
0.1719491183757782
0.21531736850738525
0.0734299048781395
0.27798202633857727
0.18400704860687256
0.08723318576812744
0.18078045547008514
0.07113287597894669
0.10809171199798584
0.28671297430992126
0.10760509967803955
0.1292169988155365
0.10382533818483353
0.07110230624675751
0.133070707321167
0.25287437438964844
0.13750861585140228
0.07723582535982132
0.18546701967716217
0.1665661782026291
0.11167145520448685
0.1542167365550995
0.16833820939064026
0.11405953764915466
0.0786137804389
0.1165742427110672
0.1283612847328186
0.11420668661594391
0.10714535415172577
0.09991127997636795
0.17735713720321655
0.12228391319513321
0.07627671957015991
0.06962708383798599
0.12104476988315582
0.09283814579248428
0.10960649698972702
0.183979794383049
0.2671562135219574
0.2733602225780487
0.2548310160636902
0.08348051458597183
0.15315935015678406
0.16606882214546204
0.1354510635137558
0.07759298384189606
0.13227464258670807
0.11935514211654663
0.13221769034862518
0.1193179339170456
0.14532896876335144
0.12410452216863632
0.11862596869468689
0.08278553187847137
0.07209616154432297
0.09884452074766159
0.0660371482372284
0.13868170976638794
0.15895092487335205
0.13918691873550415
0.19294807314872742
0.08769481629133224
0.18665121495723724
0.14307591319084167
0.07065653800964355
0.09244159609079361
0.07177747786045074
0.16737039387226105
0.14023491740226746
0.08471079915761948
0.20095571875572205
0.1236286610364914
0.1299150586128235
0.0729663223028183
0.07317322492599487
0.09582594037055969
0.19146369397640228
0.08392315357923508
0.08450406044721603
0.1273471564054489
0.09429802745580673
0.10016662627458572
0.09628366678953171
0.192326158285141
0.07283426821231842
0.14082610607147217
0.2574300765991211
0.058406468480825424
0.16519202291965485
0.24071426689624786
0.4009939134120941
0.19498224556446075
0.3704669773578644
0.174372136592865
0.36923640966415405
0.17360320687294006
0.1724368929862976
0.4295927584171295
0.20495150983333588
0.3469972014427185
0.3127939701080322
0.2460712343454361
0.6156718730926514
0.4999135434627533
0.42994415760040283
0.3505624830722809
0.5321336388587952
0.37536561489105225
0.4166007339954376
0.3080601394176483
0.42230120301246643
0.4216735064983368
0.5756462216377258
0.3126820921897888
0.43930333852767944
0.43846455216407776
0.6075997948646545
0.2070355862379074
0.30390477180480957
0.30325859785079956
0.4679495692253113
0.25432291626930237
0.1448366343975067
0.14169053733348846
0.37375274300575256
0.17990924417972565
0.17576922476291656
0.46558576822280884
0.175032377243042
0.17105764150619507
0.45429813861846924
0.37552300095558167
0.4829030930995941
0.33981919288635254
0.8207281231880188
0.8380141258239746
0.7433897852897644
0.6692960262298584
0.8375077843666077
0.8463714122772217
0.8517377376556396
0.7471063137054443
0.8389771580696106
0.7134723663330078
0.7917104959487915
0.808871328830719
0.8367181420326233
0.24362780153751373
0.4014003872871399
0.19832323491573334
0.4008669853210449
0.19806654751300812
0.21944573521614075
0.4181349277496338
0.20871198177337646
0.338541179895401
0.2766241431236267
0.27800053358078003
0.6149351000785828
0.5042754411697388
0.42285406589508057
0.5367941856384277
0.4497223496437073
0.4999750852584839
0.4341580867767334
0.40366074442863464
0.577771782875061
0.49117541313171387
0.5232923030853271
0.500265896320343
0.6491072773933411
0.5622453093528748
0.4621270000934601
0.48273858428001404
0.5210234522819519
0.3330439627170563
0.4589676260948181
0.45816123485565186
0.5899824500083923
0.2582462430000305
0.35751795768737793
0.3569828271865845
0.5044130682945251
0.46409767866134644
0.3362584114074707
0.4782038629055023
0.4770859479904175
0.6351322531700134
0.24799437820911407
0.18466511368751526
0.18039794266223907
0.46139785647392273
0.1976235806941986
0.19304165244102478
0.49137336015701294
0.36854442954063416
0.5046157836914062
0.5598441958427429
0.42710021138191223
0.4720365107059479
0.5558595061302185
0.42831432819366455
0.5281350612640381
0.5118637681007385
0.5292850732803345
0.5115578770637512
0.6642759442329407
0.5778695940971375
0.6352811455726624
0.5416062474250793
0.6603057980537415
0.45443862676620483
0.5775761604309082
0.6135344505310059
0.4781750738620758
0.5686896443367004
0.5561481714248657
0.425650030374527
0.47684285044670105
0.4747786819934845
0.4999106824398041
0.48104947805404663
0.44806161522865295
0.5353331565856934
0.5441117882728577
0.6034879684448242
0.5061691999435425
0.5485332608222961
0.5891887545585632
0.5278146862983704
0.6608718633651733
0.5316120386123657
0.6060181856155396
0.613334059715271
0.48683086037635803
0.5552724599838257
0.43819093704223633
0.5491713285446167
0.42637506127357483
0.5564153790473938
0.6436499953269958
0.6219610571861267
0.6102671027183533
0.5225344300270081
0.4801436960697174
0.5540267825126648
0.5095503330230713
0.4256211519241333
0.5855534076690674
0.45677652955055237
0.4859061539173126
0.3478800356388092
0.5087606906890869
0.6592023372650146
0.6707977652549744
0.5595664381980896
0.6907593607902527
0.3817591071128845
0.49976247549057007
0.5097669363021851
0.5000330209732056
0.6356776356697083
0.49902307987213135
0.6351625323295593
0.4841114580631256
0.6873791813850403
0.559813380241394
0.6719000339508057
0.664437472820282
0.6052932739257812
0.5545516610145569
0.3987179696559906
0.5991529226303101
0.42943477630615234
0.5441723465919495
0.6092334985733032
0.48723340034484863
0.600813090801239
0.48019641637802124
0.5567038059234619
0.42842382192611694
0.5662665367126465
0.6042773127555847
0.5646378397941589
0.4731782376766205
0.6342852711677551
0.445330411195755
0.5083120465278625
0.33831673860549927
0.5055230855941772
0.6453607678413391
0.6789129376411438
0.5450500249862671
0.6828618049621582
0.5060906410217285
0.6023067235946655
0.549401581287384
0.5218464732170105
0.5208176374435425
0.5066549181938171
0.5810439586639404
0.6344270706176758
0.6102011203765869
0.5784779191017151
0.4599408507347107
0.4967857599258423
0.4545632302761078
0.5838367342948914
0.47369688749313354
0.5961431264877319
0.5243470668792725
0.42733293771743774
0.4254239499568939
0.48851776123046875
0.46594712138175964
0.47686973214149475
0.6592310070991516
0.4709154963493347
0.5349007248878479
0.4763225018978119
0.3211710453033447
0.6454358696937561
0.6094591617584229
0.4236208498477936
0.6397794485092163
0.6138274073600769
0.41824641823768616
0.38205188512802124
0.45902127027511597
0.580795168876648
0.6338840126991272
0.4338943660259247
0.6319015622138977
0.6155215501785278
0.7380273938179016
0.4962420165538788
0.43225425481796265
0.8093454241752625
0.6564570665359497
0.506830632686615
0.6078924536705017
0.5781322717666626
0.47648975253105164
0.5774118900299072
0.47297462821006775
0.7887360453605652
0.712218165397644
0.8030242919921875
0.8398604989051819
0.7880455851554871
0.8382789492607117
0.788533091545105
0.5741710066795349
0.655571699142456
0.5362786650657654
0.40574926137924194
0.5449520349502563
0.4143121838569641
0.6011106371879578
0.7590060830116272
0.42803746461868286
0.4244125783443451
0.782636821269989
0.7858107089996338
0.7297955751419067
0.8442472815513611
0.48708075284957886
0.5364295840263367
0.42799273133277893
0.28524845838546753
0.2830750346183777
0.7940956354141235
0.8364516496658325
0.8068439364433289
0.8391783237457275
0.8245428800582886
0.8498798608779907
0.8451388478279114
0.6979443430900574
0.7780336737632751
0.6528237462043762
0.5299649238586426
0.2632713317871094
0.2577553391456604
0.8028656244277954
0.8197342753410339
0.8034220337867737
0.7321747541427612
0.4478902518749237
0.4387066960334778
0.8306010365486145
0.7133240103721619
