56
0.2155216485261917
0.16387507319450378
0.08169429749250412
0.21091407537460327
0.19687405228614807
0.28634774684906006
0.34816256165504456
0.11862598359584808
0.32738223671913147
0.3411831259727478
0.4067298471927643
0.17873802781105042
0.1532532274723053
0.1548217087984085
0.16322708129882812
0.17240680754184723
0.3224910497665405
0.09766477346420288
0.2750815749168396
0.1621846854686737
0.40702757239341736
0.16836673021316528
0.4170466959476471
0.8168379664421082
0.7703814506530762
0.8065919876098633
0.4473932981491089
0.2157669961452484
0.4690989851951599
0.5704112648963928
0.7626753449440002
0.6533922553062439
0.6398102045059204
0.4631637632846832
0.6213109493255615
0.5882219672203064
0.7038896083831787
0.6558076739311218
0.7667210698127747
0.6437342762947083
0.5286523699760437
0.6823065280914307
0.5269333124160767
0.5406321883201599
0.5905240774154663
0.5185813307762146
0.4110206663608551
0.5750722885131836
0.4984259307384491
0.6622117161750793
0.6053193807601929
0.5088373422622681
0.7850514650344849
0.7616870999336243
0.3717792332172394
0.8425586819648743
