48
0.28310126066207886
0.41374650597572327
0.27899280190467834
0.33876049518585205
0.3390519320964813
0.3523050546646118
0.12391094118356705
0.14645294845104218
0.32655876874923706
0.22521214187145233
0.29986852407455444
0.18463851511478424
0.3230172395706177
0.11893635988235474
0.08062764257192612
0.08434628695249557
0.231719970703125
0.18842953443527222
0.2436734288930893
0.225409135222435
0.2812390625476837
0.8138482570648193
0.8525439500808716
0.8221040368080139
0.36713907122612
0.29458826780319214
0.18281808495521545
0.1942511945962906
0.18196618556976318
0.3088460862636566
0.5194306373596191
0.2819581925868988
0.49724850058555603
0.5298292636871338
0.2519911527633667
0.4652809500694275
0.5204349756240845
0.23277023434638977
0.3014783263206482
0.5493813157081604
0.5029903650283813
0.41548413038253784
0.4079940915107727
0.4828557074069977
0.4646093249320984
0.7635664343833923
0.5532414317131042
0.553983747959137
