309
0.08830015361309052
0.1883227676153183
0.22715714573860168
0.08396438509225845
0.10632618516683578
0.09929339587688446
0.16114896535873413
0.12068339437246323
0.14801011979579926
0.11207754909992218
0.1001199260354042
0.3507978022098541
0.08027128875255585
0.088295578956604
0.38964319229125977
0.21086296439170837
0.2201785296201706
0.13539168238639832
0.2713085412979126
0.13528543710708618
0.35669636726379395
0.18644246459007263
0.14656363427639008
0.10659385472536087
0.13564090430736542
0.07492567598819733
0.2368994802236557
0.18700653314590454
0.10024496167898178
0.06516866385936737
0.06831999868154526
0.07261627912521362
0.07956019788980484
0.13746584951877594
0.0788230374455452
0.11396361142396927
0.18990816175937653
0.09897866100072861
0.19055651128292084
0.09854114800691605
0.19749599695205688
0.09794598072767258
0.1046915203332901
0.21033427119255066
0.3102622330188751
0.06178262084722519
0.18830494582653046
0.23532100021839142
0.24167826771736145
0.27083519101142883
0.09631554037332535
0.11142689734697342
0.14522378146648407
0.33075758814811707
0.18766769766807556
0.13349772989749908
0.11615027487277985
0.17384566366672516
0.36698463559150696
0.20387226343154907
0.4836229383945465
0.4539114236831665
0.3092105984687805
0.35345086455345154
0.47584208846092224
0.41139230132102966
0.4049522876739502
0.5197705626487732
0.21085326373577118
0.40600132942199707
0.3932276964187622
0.4621448218822479
0.42873111367225647
0.5541185736656189
0.13902252912521362
0.1694788783788681
0.15711213648319244
0.19011758267879486
0.7981196641921997
0.7842044830322266
0.765175461769104
0.816146969795227
0.8469734787940979
0.8333394527435303
0.7551703453063965
0.7928122282028198
0.7574787735939026
0.8220350742340088
0.8330944776535034
0.790608823299408
0.8374606370925903
0.8315029740333557
0.1832381784915924
0.3268226087093353
0.4226038157939911
0.4030117690563202
0.362556517124176
0.3700108826160431
0.4633947014808655
0.3312258720397949
0.18900348246097565
0.34609946608543396
0.4380147457122803
0.41304904222488403
0.3696587383747101
0.2080373764038086
0.4816817343235016
0.4532022178173065
0.23733608424663544
0.44848787784576416
0.19575390219688416
0.37218987941741943
0.2587384283542633
0.4669537842273712
0.4539683163166046
0.5146002173423767
0.5221182107925415
0.13153842091560364
0.1964699774980545
0.18120698630809784
0.2256198674440384
0.5970094799995422
0.5562692880630493
0.6218758225440979
0.5950289368629456
0.461067259311676
0.6400511264801025
0.6823965311050415
0.3938899040222168
0.6912771463394165
0.552596390247345
0.2869489789009094
0.566420316696167
0.5915284156799316
0.31771931052207947
0.6074311137199402
0.5410334467887878
0.4693414270877838
0.63709557056427
0.567305326461792
0.48447924852371216
0.5762050747871399
0.5970913767814636
0.6654077768325806
0.564843475818634
0.5459079146385193
0.4887247383594513
0.5880519151687622
0.4887964725494385
0.4628501534461975
0.49923786520957947
0.4761510491371155
0.6890238523483276
0.603766918182373
0.42936012148857117
0.5114004611968994
0.3903694748878479
0.5312342643737793
0.6182300448417664
0.40689724683761597
0.5449346303939819
0.5191174745559692
0.4398405849933624
0.5988349318504333
0.5622826218605042
0.5009806752204895
0.4877084195613861
0.48001864552497864
0.5772415995597839
0.5579479336738586
0.6492559313774109
0.6004050374031067
0.31604093313217163
0.3061973750591278
0.6030436754226685
0.5868141651153564
0.5268723368644714
0.438801646232605
0.3349262773990631
0.5466378927230835
0.49731534719467163
0.47461211681365967
0.561275064945221
0.6482890844345093
0.5397759675979614
0.5170837044715881
0.5187099575996399
0.6202646493911743
0.4914085865020752
0.3672899901866913
0.49999868869781494
0.5837072730064392
0.44526493549346924
0.48090872168540955
0.49245405197143555
0.4771914780139923
0.3992236852645874
0.5771694183349609
0.52569979429245
0.4830104112625122
0.5682747960090637
0.45703306794166565
0.5627619028091431
0.4618976414203644
0.5622407793998718
0.6438407897949219
0.5348877906799316
0.4869926869869232
0.37609782814979553
0.42336779832839966
0.364522784948349
0.515515148639679
0.3939858376979828
0.4108557105064392
0.4436858296394348
0.3380805253982544
0.37601301074028015
0.32225725054740906
0.5196623206138611
0.40598663687705994
0.4695776402950287
0.4043584167957306
0.5401521325111389
0.4521949589252472
0.5275194048881531
0.46068865060806274
0.39091575145721436
0.4418751001358032
0.42806726694107056
0.48119229078292847
0.4104829430580139
0.4620777666568756
0.37076371908187866
0.5202604532241821
0.3250626027584076
0.5534729957580566
0.42078980803489685
0.4752246141433716
0.5643694996833801
0.3811168074607849
0.4182542562484741
0.41374772787094116
0.3984227180480957
0.4202019274234772
0.555798351764679
0.4689241647720337
0.803202748298645
0.7769586443901062
0.44474297761917114
0.37029439210891724
0.6902472972869873
0.6317493915557861
0.6370291113853455
0.46899721026420593
0.48429784178733826
0.3779045045375824
0.5465527772903442
0.48262202739715576
0.8004591464996338
0.821698784828186
0.43892884254455566
0.8148030638694763
0.7987022399902344
0.5564080476760864
0.4023745357990265
0.7091599702835083
0.7623536586761475
0.5424270629882812
0.28967204689979553
0.6393424868583679
0.6974438428878784
0.28886678814888
0.4201691448688507
0.3440767824649811
0.4062378704547882
0.5075475573539734
0.33750295639038086
0.7665415406227112
0.7549182772636414
0.8324169516563416
0.6966456770896912
0.3884965777397156
0.5267797112464905
0.5739041566848755
0.6927761435508728
0.44640371203422546
0.801949143409729
0.7206395268440247
0.5278621315956116
0.6622107625007629
0.7693533301353455
0.788718044757843
0.8312982320785522
0.6998395323753357
0.7984645366668701
0.8416925668716431
0.8305983543395996
0.8218064308166504
0.8418035507202148
0.8175689578056335
0.8215236067771912
0.8364461660385132
0.7973996996879578
0.7399205565452576
0.7376157641410828
0.6676878333091736
0.8147003054618835
0.8517487645149231
0.8373515605926514
