251
0.1898808479309082
0.2059653103351593
0.1260739266872406
0.10119964927434921
0.2837319076061249
0.2760160267353058
0.3148239850997925
0.095095694065094
0.26354554295539856
0.1104169711470604
0.11872907727956772
0.19293175637722015
0.36138883233070374
0.22637660801410675
0.25779110193252563
0.27538418769836426
0.07442115992307663
0.13263584673404694
0.14728869497776031
0.06946060061454773
0.1250348836183548
0.19764010608196259
0.26350486278533936
0.357817143201828
0.455923855304718
0.2745233178138733
0.1662527620792389
0.22304874658584595
0.3486170768737793
0.47793281078338623
0.08973294496536255
0.21076346933841705
0.09780220687389374
0.08551666140556335
0.2537296712398529
0.24261769652366638
0.14907367527484894
0.15891535580158234
0.09491478651762009
0.10311947017908096
0.08583902567625046
0.2801770567893982
0.15886950492858887
0.1528131514787674
0.31951478123664856
0.07545515894889832
0.10831351578235626
0.1748841255903244
0.3225540518760681
0.17117062211036682
0.1744663119316101
0.09992409497499466
0.2163430005311966
0.08395671844482422
0.1751844435930252
0.06865030527114868
0.12557563185691833
0.13589340448379517
0.06727904826402664
0.12196207046508789
0.4076080918312073
0.6374627947807312
0.08614729344844818
0.16124576330184937
0.09038146585226059
0.061583567410707474
0.1862584948539734
0.1415715217590332
0.4335205852985382
0.4331493675708771
0.5870975852012634
0.5353483557701111
0.4904834032058716
0.3986970782279968
0.19098970293998718
0.4800758957862854
0.4760424792766571
0.39251184463500977
0.3724413514137268
0.4640408754348755
0.44585496187210083
0.3866298794746399
0.3644210398197174
0.33909356594085693
0.22057940065860748
0.2135295569896698
0.44794267416000366
0.39709657430648804
0.34634992480278015
0.20550419390201569
0.4696134328842163
0.8003373146057129
0.8278983235359192
0.7517973184585571
0.8397429585456848
0.703241229057312
0.8484802842140198
0.792705237865448
0.817105233669281
0.8465309739112854
0.8228082060813904
0.4471778869628906
0.43964657187461853
0.6048610806465149
0.5508818626403809
0.5326805114746094
0.451637864112854
0.332926869392395
0.3884724974632263
0.2703925371170044
0.46040841937065125
0.31288886070251465
0.47733646631240845
0.46044307947158813
0.39835792779922485
0.3758869469165802
0.26500242948532104
0.21499526500701904
0.23909911513328552
0.7998164892196655
0.2788049876689911
0.43126869201660156
0.35406652092933655
0.3551963269710541
0.20619447529315948
0.5275960564613342
0.5701559782028198
0.57993483543396
0.350263386964798
0.5778149962425232
0.6213910579681396
0.6344150900840759
0.38370034098625183
0.5189064741134644
0.5674757361412048
0.5844135880470276
0.612733006477356
0.6538882255554199
0.6666843295097351
0.6416411399841309
0.4274638891220093
0.4911694824695587
0.7364920973777771
0.4646631181240082
0.41175100207328796
0.7058263421058655
0.44622278213500977
0.6570214033126831
0.6278941631317139
0.3560260534286499
0.6569628715515137
0.5062141418457031
0.4961344301700592
0.4888385236263275
0.46770426630973816
0.4116169512271881
0.5195831656455994
0.44800859689712524
0.5634492039680481
0.7325314283370972
0.5545158982276917
0.45260536670684814
0.5566396713256836
0.4268339276313782
0.5702663660049438
0.4800776541233063
0.3856751024723053
0.4969566762447357
0.5117412805557251
0.568481981754303
0.593912661075592
0.3410179615020752
0.5608825087547302
0.6193320751190186
0.6530696749687195
0.6384630799293518
0.7274571657180786
0.4673207700252533
0.49886390566825867
0.4815782606601715
0.32909008860588074
0.7006250619888306
0.5583127737045288
0.6233684420585632
0.5531708598136902
0.55854332447052
0.3867814838886261
0.5998485088348389
0.5968225598335266
0.5263919234275818
0.43912115693092346
0.5399314761161804
0.44147539138793945
0.4683837592601776
0.5738712549209595
0.4385297894477844
0.5855079293251038
0.27974221110343933
0.3949683606624603
0.5033228397369385
0.4755157232284546
0.3943193554878235
0.6541220545768738
0.5142630338668823
0.5343433022499084
0.6191849112510681
0.5104385018348694
0.5685290694236755
0.4572127163410187
0.5176747441291809
0.4125564992427826
0.46575701236724854
0.5945030450820923
0.4251140058040619
0.5960411429405212
0.6228172183036804
0.5135173201560974
0.5458638668060303
0.5612021088600159
0.6481348872184753
0.5144923329353333
0.7767994999885559
0.5703319907188416
0.4821001887321472
0.7020813226699829
0.4137117564678192
0.8348658084869385
0.8272848725318909
0.8007579445838928
0.8104239106178284
0.33022603392601013
0.4635772407054901
0.7617056965827942
0.7975643277168274
0.6624277830123901
0.8034635186195374
0.773128867149353
0.744979202747345
0.8161641955375671
0.8235474824905396
0.8486133217811584
0.4347998797893524
0.7914612293243408
0.7707545161247253
0.7258257865905762
0.7304003834724426
0.7674022912979126
0.7731313109397888
0.8345865607261658
0.8403946757316589
0.7975353598594666
