381
0.17192168533802032
0.09691191464662552
0.1428704410791397
0.06391889601945877
0.07386118173599243
0.07060834765434265
0.2655186355113983
0.23501338064670563
0.18572507798671722
0.2810773253440857
0.08666003495454788
0.22211821377277374
0.1471838653087616
0.15093602240085602
0.17468301951885223
0.21177685260772705
0.3039172291755676
0.27488473057746887
0.3462037444114685
0.07665657997131348
0.12082673609256744
0.11031774431467056
0.07420231401920319
0.12139478325843811
0.39289090037345886
0.19991570711135864
0.12290789186954498
0.20066136121749878
0.12370388954877853
0.21157114207744598
0.1672879308462143
0.3877246677875519
0.14863501489162445
0.1994733363389969
0.10739950090646744
0.14898855984210968
0.19989581406116486
0.10766627639532089
0.11624106764793396
0.37227246165275574
0.1664615422487259
0.07674229145050049
0.08452558517456055
0.20605099201202393
0.3101992607116699
0.12387440353631973
0.2682783007621765
0.07427996397018433
0.13884565234184265
0.2579585015773773
0.11277724802494049
0.09221024811267853
0.1503463089466095
0.2590993046760559
0.21338699758052826
0.3025656044483185
0.12260235100984573
0.1262369453907013
0.11168337613344193
0.09520482271909714
0.12921281158924103
0.11295915395021439
0.10357990115880966
0.21159005165100098
0.11372989416122437
0.23493294417858124
0.19771236181259155
0.287399560213089
0.10705701261758804
0.13227646052837372
0.09143544733524323
0.0639803484082222
0.07249993085861206
0.17535072565078735
0.06058676540851593
0.06821862608194351
0.16210535168647766
0.06696642190217972
0.07647734135389328
0.18824338912963867
0.10109581798315048
0.32217323780059814
0.12538979947566986
0.269599586725235
0.2712429165840149
0.46926844120025635
0.4557649791240692
0.44623425602912903
0.40210214257240295
0.32231029868125916
0.2382298856973648
0.2609558403491974
0.258251816034317
0.44982242584228516
0.18206773698329926
0.33199480175971985
0.3021049201488495
0.5317696332931519
0.5266207456588745
0.39174142479896545
0.6220998167991638
0.29106801748275757
0.343244343996048
0.46095073223114014
0.5737669467926025
0.37016695737838745
0.45080921053886414
0.5801132917404175
0.4741615951061249
0.15865732729434967
0.1494683027267456
0.3563879728317261
0.6895864605903625
0.19194748997688293
0.8344663381576538
0.851703405380249
0.8275309801101685
0.7606353163719177
0.8037139773368835
0.7994275689125061
0.8332396745681763
0.8428465127944946
0.840888500213623
0.4692038297653198
0.6350426077842712
0.7881900072097778
0.8321582078933716
0.8215522766113281
0.8438815474510193
0.8189184069633484
0.8353162407875061
0.4227193593978882
0.3224891722202301
0.49380946159362793
0.34827080368995667
0.46071937680244446
0.25186797976493835
0.20727404952049255
0.29546797275543213
0.277559369802475
0.4409504532814026
0.22476911544799805
0.49189361929893494
0.39890432357788086
0.6170982718467712
0.3322805166244507
0.3512422740459442
0.5912145972251892
0.4122621417045593
0.3971133530139923
0.630700409412384
0.353486031293869
0.583764910697937
0.3977454900741577
0.37313780188560486
0.4885002374649048
0.3937324285507202
0.164436474442482
0.41482090950012207
0.4806112051010132
0.47794851660728455
0.6763283610343933
0.24432185292243958
0.485212504863739
0.5415582060813904
0.5387763381004333
0.4263078570365906
0.5866914987564087
0.6356471180915833
0.6330888271331787
0.5218554139137268
0.5770207047462463
0.6396968364715576
0.631482720375061
0.5623882412910461
0.6334719061851501
0.5029903650283813
0.3815562129020691
0.4645370543003082
0.4933396875858307
0.6240008473396301
0.6010094881057739
0.5908706188201904
0.6862848997116089
0.643693745136261
0.474627822637558
0.495337575674057
0.7077668309211731
0.5583066940307617
0.5704957842826843
0.7416643500328064
0.6601276397705078
0.6583873629570007
0.5479698777198792
0.6317080855369568
0.5482053160667419
0.5577232837677002
0.6030579805374146
0.5051065683364868
0.592173159122467
0.39565375447273254
0.4958396255970001
0.5118761658668518
0.6743290424346924
0.4795458912849426
0.5945156216621399
0.6001904010772705
0.7165839076042175
0.5450025796890259
0.6511296629905701
0.6508444547653198
0.6149281859397888
0.4342910051345825
0.7678242325782776
0.7289760708808899
0.5144232511520386
0.45657438039779663
0.39850732684135437
0.4001004993915558
0.269089013338089
0.28966736793518066
0.3542403280735016
0.35691094398498535
0.24250514805316925
0.2605093717575073
0.450089693069458
0.4500700533390045
0.30040326714515686
0.3258076310157776
0.3845459222793579
0.26152002811431885
0.46678251028060913
0.3154742121696472
0.46590307354927063
0.5808828473091125
0.637568473815918
0.6324114799499512
0.5176630616188049
0.4087243676185608
0.4856773912906647
0.47521647810935974
0.43155163526535034
0.4328044354915619
0.6111596822738647
0.6757975816726685
0.5485619902610779
0.604941725730896
0.5885745286941528
0.4355311095714569
0.5481313467025757
0.5007066130638123
0.515211820602417
0.677513062953949
0.5197447538375854
0.6959178447723389
0.5179668664932251
0.5380091667175293
0.6258237957954407
0.6281457543373108
0.5548678040504456
0.6436706185340881
0.42998790740966797
0.5624582767486572
0.5473488569259644
0.5383661389350891
0.3326702117919922
0.462433785200119
0.42468929290771484
0.6404280662536621
0.4334888756275177
0.5714702010154724
0.5307654142379761
0.6866152286529541
0.573796272277832
0.5206884145736694
0.5263410806655884
0.5239537358283997
0.35027220845222473
0.38429972529411316
0.4890196621417999
0.4874342083930969
0.3212754726409912
0.3511451184749603
0.3635634779930115
0.3657497465610504
0.24366657435894012
0.2622455954551697
0.3976537585258484
0.6115544438362122
0.4541754722595215
0.5974407196044922
0.45025116205215454
0.4025014340877533
0.5117141008377075
0.2634676396846771
0.5378896594047546
0.5392497777938843
0.6363515853881836
0.5525068640708923
0.6144819855690002
0.6102602481842041
0.26930052042007446
0.26966235041618347
0.2650925815105438
0.26546114683151245
0.23964811861515045
0.2400151938199997
0.29045286774635315
0.29085829854011536
0.2635374963283539
0.26366814970970154
0.31148985028266907
0.5437089204788208
0.487591952085495
0.30653873085975647
0.5834007263183594
0.35732385516166687
0.4952971339225769
0.472630113363266
0.6007352471351624
0.5261585712432861
0.6278303265571594
0.6662775278091431
0.6887667179107666
0.7163430452346802
0.6255567073822021
0.5356932282447815
0.6388550400733948
0.686440110206604
0.723545253276825
0.7450459599494934
0.516368567943573
0.47714999318122864
0.3503072261810303
0.3976619243621826
0.6010577082633972
0.6125177145004272
0.746331512928009
0.5667966604232788
0.5564693808555603
0.7934200763702393
0.4549228549003601
0.7055751085281372
0.502849280834198
0.48492953181266785
0.7808620929718018
0.27036920189857483
0.47132042050361633
0.4407864212989807
0.5281046628952026
0.8432780504226685
0.8089193105697632
0.8448638319969177
0.6704397797584534
0.8033101558685303
0.5938133597373962
0.72404944896698
0.5730637311935425
0.768600583076477
0.684950590133667
0.7921647429466248
0.5715200901031494
0.7347261309623718
0.3686586022377014
0.7494463324546814
0.8254998922348022
0.7664723992347717
0.794100821018219
0.8313963413238525
0.6994503736495972
0.8481576442718506
0.8431301712989807
0.8513390421867371
0.8305307626724243
0.8316787481307983
0.8030871748924255
0.8357308506965637
0.7080080509185791
0.5896976590156555
0.8172528147697449
0.8421953916549683
