95
0.15458570420742035
0.23120014369487762
0.17687301337718964
0.10919695347547531
0.21348676085472107
0.2191118746995926
0.08669321238994598
0.09950657188892365
0.2337343990802765
0.14858675003051758
0.18318472802639008
0.20540429651737213
0.19901138544082642
0.21616210043430328
0.23185040056705475
0.11299818009138107
0.15769168734550476
0.2615010738372803
0.0679185763001442
0.07395239919424057
0.24526694416999817
0.190312460064888
0.19780422747135162
0.1678152084350586
0.18843384087085724
0.18371054530143738
0.2682517170906067
0.24073167145252228
0.2085196077823639
0.26927629113197327
0.23071643710136414
0.20087547600269318
0.2405933290719986
0.22510142624378204
0.8036115169525146
0.8425917029380798
0.2785261273384094
0.2502678334712982
0.28045713901519775
0.23553882539272308
0.2876492142677307
0.24744555354118347
0.29522010684013367
0.23469668626785278
0.26848021149635315
0.6130048632621765
0.613049328327179
0.653340756893158
0.6533805727958679
0.4779175817966461
0.47745367884635925
0.5466680526733398
0.6393676400184631
0.5287984609603882
0.5288742184638977
0.5356664061546326
0.5357402563095093
0.5403885841369629
0.540381669998169
0.49135470390319824
0.4913475811481476
0.41981223225593567
0.4910376965999603
0.529109537601471
0.6262280941009521
0.41522106528282166
0.42509427666664124
0.4979950487613678
0.48605918884277344
0.5870251059532166
0.5368006825447083
0.49286699295043945
0.4616281986236572
0.555870532989502
0.5245270729064941
0.5734473466873169
0.5889595746994019
0.37628841400146484
0.5164512395858765
0.4431319236755371
0.49504804611206055
0.46208256483078003
0.6237068772315979
0.8038007616996765
0.4385673403739929
0.8038012981414795
0.43856796622276306
0.8437846302986145
0.7858905792236328
0.7342128157615662
0.7860111594200134
0.7343900203704834
0.8271461725234985
0.7911497354507446
0.8024166226387024
