214
0.30317437648773193
0.1371377408504486
0.1893702745437622
0.14677295088768005
0.3063392639160156
0.24938859045505524
0.19714616239070892
0.32638657093048096
0.08305194228887558
0.10814575850963593
0.3897114098072052
0.34141308069229126
0.15459592640399933
0.1554080843925476
0.14284946024417877
0.36198726296424866
0.3196988105773926
0.36997729539871216
0.12197523564100266
0.1516222506761551
0.22156371176242828
0.19457785785198212
0.16084542870521545
0.30998528003692627
0.16404977440834045
0.3158923387527466
0.34387338161468506
0.1653291881084442
0.28148898482322693
0.09294459223747253
0.32730913162231445
0.2946866750717163
0.18357978761196136
0.0905722975730896
0.18325494229793549
0.09044914692640305
0.08356038480997086
0.12141676992177963
0.22296662628650665
0.3387424945831299
0.10772979259490967
0.10851491242647171
0.24671964347362518
0.11214105039834976
0.09810501337051392
0.07614455372095108
0.07678643614053726
0.09817579388618469
0.3554053008556366
0.1803717166185379
0.23036523163318634
0.1761494129896164
0.43371447920799255
0.4888802468776703
0.23666489124298096
0.4208761155605316
0.20651032030582428
0.21780385076999664
0.2997528910636902
0.24250581860542297
0.5671088099479675
0.39154377579689026
0.26209738850593567
0.22339104115962982
0.4470880329608917
0.44521191716194153
0.24998348951339722
0.3681384027004242
0.7634525895118713
0.2112591415643692
0.8395022749900818
0.766410768032074
0.8420667052268982
0.8486196994781494
0.7798629999160767
0.8417664170265198
0.8489915728569031
0.8308438062667847
0.44666528701782227
0.5007315278053284
0.24762114882469177
0.3795772194862366
0.19795694947242737
0.5028930902481079
0.6741822361946106
0.31970274448394775
0.25808605551719666
0.4584502875804901
0.27675116062164307
0.3385438919067383
0.28342539072036743
0.4026843011379242
0.40126457810401917
0.23805417120456696
0.6086630821228027
0.6805433034896851
0.706272542476654
0.4487706124782562
0.6651361584663391
0.728220522403717
0.4480811655521393
0.6642195582389832
0.7276275157928467
0.4143032431602478
0.6255300641059875
0.6993237733840942
0.4273863732814789
0.6139991283416748
0.6940737962722778
0.6357218623161316
0.5455291867256165
0.6441732048988342
0.5619413256645203
0.5997686386108398
0.5141099095344543
0.6432205438613892
0.5620867013931274
0.4498237371444702
0.5555533766746521
0.3817649781703949
0.5845391750335693
0.6294925808906555
0.6672753691673279
0.29207682609558105
0.5024653077125549
0.6091195344924927
0.34379878640174866
0.5719150304794312
0.6676036715507507
0.2878667414188385
0.4932359457015991
0.5998215079307556
0.36483296751976013
0.5890764594078064
0.3798086941242218
0.5628975033760071
0.6539150476455688
0.5147404074668884
0.42112624645233154
0.5141072869300842
0.42077571153640747
0.5256880521774292
0.4362141788005829
0.5023917555809021
0.41542816162109375
0.6095226407051086
0.4216311573982239
0.5396848320960999
0.6035216450691223
0.5334375500679016
0.5976096987724304
0.5706859230995178
0.6333754658699036
0.2890399098396301
0.34077486395835876
0.5364751219749451
0.24767747521400452
0.46162423491477966
0.6329821944236755
0.35850781202316284
0.4040839672088623
0.5263078808784485
0.5296874642372131
0.429016649723053
0.6134556531906128
0.5151609778404236
0.5225884318351746
0.4239563047885895
0.6060068011283875
0.5177348256111145
0.5057024359703064
0.5020194053649902
0.3315659165382385
0.501515805721283
0.33154812455177307
0.3078621029853821
0.3404124081134796
0.5088924765586853
0.32551777362823486
0.4881184697151184
0.5853524804115295
0.7091532945632935
0.49220219254493713
0.5796073079109192
0.5124502182006836
0.602787435054779
0.6142324209213257
0.8033530116081238
0.8054640293121338
0.7706395983695984
0.8165965676307678
0.8403364419937134
0.4622698128223419
0.5356398224830627
0.5928835272789001
0.7311948537826538
0.7097794413566589
0.8046209812164307
0.7513847947120667
0.7535873651504517
0.5278629064559937
0.6895297765731812
0.8120659589767456
0.7626539468765259
0.640465259552002
0.5241444110870361
0.5727131366729736
0.5174756646156311
0.5201329588890076
0.4354528486728668
0.5368868708610535
0.4346126914024353
0.8402084112167358
0.8474416732788086
