120
0.1445426195859909
0.23769903182983398
0.13782043755054474
0.20664405822753906
0.1278863549232483
0.18969282507896423
0.2898417115211487
0.13276858627796173
0.2126067727804184
0.19690242409706116
0.13823990523815155
0.21649031341075897
0.2904641330242157
0.2638739347457886
0.11457846313714981
0.18476226925849915
0.25584661960601807
0.07610099762678146
0.24245114624500275
0.08171147108078003
0.15680302679538727
0.0890197604894638
0.17208895087242126
0.2430161088705063
0.08932574093341827
0.1508222222328186
0.1196570172905922
0.09137256443500519
0.15333771705627441
0.2274162769317627
0.09751540422439575
0.23916035890579224
0.20570465922355652
0.4024938642978668
0.25468847155570984
0.3510761559009552
0.233692929148674
0.22252102196216583
0.21796727180480957
0.21464520692825317
0.16245797276496887
0.1857517957687378
0.7043694257736206
0.8440293073654175
0.6331987380981445
0.8259117603302002
0.7848719954490662
0.8163507580757141
0.8417312502861023
0.4984992742538452
0.44092607498168945
0.41608870029449463
0.2771097421646118
0.4207998216152191
0.3021220266819
0.2785198390483856
0.2672877907752991
0.27394112944602966
0.17781439423561096
0.19465255737304688
0.4680648744106293
0.4671947956085205
0.6793292760848999
0.4588319659233093
0.4565024673938751
0.40698322653770447
0.6625590920448303
0.6258099675178528
0.6038802862167358
0.5576633214950562
0.5897849202156067
0.5037552118301392
0.5434812903404236
0.50762540102005
0.5476650595664978
0.6172115802764893
0.6550893783569336
0.5577539205551147
0.6763505339622498
0.5816569924354553
0.48528853058815
0.5654833316802979
0.6299970746040344
0.5084565877914429
0.5526607036590576
0.48306959867477417
0.5334662795066833
0.4570530951023102
0.5122109651565552
0.5916431546211243
0.5671190619468689
0.47628965973854065
0.48412197828292847
0.6288925409317017
0.5567991137504578
0.5382838249206543
0.49076953530311584
0.4615808427333832
0.4574594497680664
0.51877760887146
0.6312628984451294
0.6259307861328125
0.594624400138855
0.50121009349823
0.5320972204208374
0.8013176321983337
0.6792984008789062
0.4651538133621216
0.35292789340019226
0.36937767267227173
0.5034587979316711
0.3634607195854187
0.27507317066192627
0.4430001378059387
0.48042431473731995
0.7544992566108704
0.806056559085846
0.6099942326545715
0.8271474242210388
0.8191033601760864
