148
0.12688231468200684
0.08822713047266006
0.33509692549705505
0.12221761047840118
0.18145738542079926
0.09577833116054535
0.20966798067092896
0.21891196072101593
0.24167580902576447
0.1445494145154953
0.2697661221027374
0.3451392948627472
0.3299424648284912
0.2735963761806488
0.30731719732284546
0.25527188181877136
0.3969572186470032
0.34987303614616394
0.3564263582229614
0.12010577321052551
0.16329741477966309
0.2564420998096466
0.11722573637962341
0.15896908938884735
0.23645718395709991
0.31711599230766296
0.17364655435085297
0.21910755336284637
0.2679690718650818
0.28971850872039795
0.17227834463119507
0.17075301706790924
0.2500782907009125
0.19450905919075012
0.0874730795621872
0.24791422486305237
0.27237480878829956
0.21950937807559967
0.1961449533700943
0.13582101464271545
0.3001959025859833
0.2878078520298004
0.07387618720531464
0.07131163030862808
0.08745668083429337
0.31726348400115967
0.3274178206920624
0.14630289375782013
0.31492382287979126
0.19028985500335693
0.2136172205209732
0.24055811762809753
0.26797980070114136
0.4026812016963959
0.33921098709106445
0.37116384506225586
0.4722660779953003
0.36352479457855225
0.49806085228919983
0.40143194794654846
0.33077865839004517
0.36304792761802673
0.46694931387901306
0.2299465388059616
0.7771411538124084
0.8267382383346558
0.8027564883232117
0.7748337984085083
0.8461900949478149
0.829094409942627
0.47425198554992676
0.46810534596443176
0.3345830738544464
0.3670094311237335
0.3763127028942108
0.35789963603019714
0.2502230703830719
0.3498010039329529
0.3076893985271454
0.3690354824066162
0.40443241596221924
0.5282295346260071
0.35510799288749695
0.38685062527656555
0.48247501254081726
0.33739420771598816
0.37446802854537964
0.5070019960403442
0.3033362030982971
0.3357427716255188
0.46751996874809265
0.3813081383705139
0.41592103242874146
0.5248978137969971
0.32899904251098633
0.5932116508483887
0.6704322099685669
0.6235315203666687
0.6442375183105469
0.5410353541374207
0.5935816764831543
0.4750674068927765
0.6566031575202942
0.631606936454773
0.5193514227867126
0.3473825752735138
0.5244622826576233
0.6823006272315979
0.6450628638267517
0.6904994249343872
0.5899872779846191
0.6018557548522949
0.6784815192222595
0.44329705834388733
0.5584142208099365
0.6276383399963379
0.5532405376434326
0.6786990761756897
0.6222825646400452
0.5682547092437744
0.5253953337669373
0.5365675687789917
0.378685861825943
0.49947917461395264
0.5272831916809082
0.49045470356941223
0.544546902179718
0.5950575470924377
0.6449681520462036
0.595892608165741
0.517731785774231
0.5912248492240906
0.5972009301185608
0.5107647776603699
0.5987628698348999
0.5063171982765198
0.597169816493988
0.4415265619754791
0.5609356760978699
0.5717819333076477
0.44005730748176575
0.7708967924118042
0.32194504141807556
0.321989506483078
0.4085461497306824
0.3760746717453003
0.8243594765663147
0.8057937026023865
