95
0.0884847342967987
0.4458967447280884
0.13967619836330414
0.33796870708465576
0.09814653545618057
0.1109110489487648
0.0846080482006073
0.33276596665382385
0.38701382279396057
0.09654481709003448
0.4775722324848175
0.08015535026788712
0.07525959610939026
0.11218762397766113
0.078501857817173
0.07216709852218628
0.3868311941623688
0.12879982590675354
0.1431249976158142
0.30395373702049255
0.38405993580818176
0.30442407727241516
0.5242602229118347
0.40890780091285706
0.44576579332351685
0.4801149070262909
0.5164343118667603
0.3973742127418518
0.47782739996910095
0.4205586016178131
0.31386318802833557
0.4010898470878601
0.4208839535713196
0.4451195299625397
0.23983293771743774
0.25646284222602844
0.387952983379364
0.4115915596485138
0.23104315996170044
0.8033871054649353
0.799615204334259
0.783564031124115
0.2848726809024811
0.4861159920692444
0.38138338923454285
0.41408392786979675
0.4409733712673187
0.31404972076416016
0.277581125497818
0.47856494784355164
0.3729574680328369
0.405571311712265
0.43761420249938965
0.6122980117797852
0.3913235068321228
0.5872318744659424
0.49273648858070374
0.5162571668624878
0.5236651301383972
0.20574283599853516
0.42274779081344604
0.4402501881122589
0.7074120044708252
0.6714792847633362
0.2863249182701111
0.47571447491645813
0.5275680422782898
0.5195364952087402
0.660680890083313
0.6546921730041504
0.5622653961181641
0.5992270112037659
0.5365864038467407
0.562285840511322
0.42785465717315674
0.4803682863712311
0.8261095285415649
0.5432297587394714
0.7513659000396729
0.5973787903785706
0.8155817985534668
0.7751568555831909
0.7273544669151306
0.8146907687187195
0.8465761542320251
0.59657222032547
0.4570869505405426
0.8209342360496521
0.8096284866333008
0.8353785276412964
0.7749127745628357
0.7679237127304077
0.8295791149139404
0.8051083087921143
0.807134747505188
