89
0.37959158420562744
0.31096991896629333
0.257792204618454
0.21929197013378143
0.31450241804122925
0.2711615562438965
0.2943742573261261
0.27801674604415894
0.2995348572731018
0.19029000401496887
0.39860624074935913
0.2236771434545517
0.36928626894950867
0.2375759482383728
0.3447929620742798
0.4058397114276886
0.2939896583557129
0.23852767050266266
0.07928019016981125
0.18388383090496063
0.16388502717018127
0.24566411972045898
0.2584778070449829
0.08602506667375565
0.2708818316459656
0.2838614881038666
0.15514522790908813
0.25959500670433044
0.37554726004600525
0.44368305802345276
0.5124354362487793
0.23834750056266785
0.24278311431407928
0.7607936263084412
0.796112596988678
0.7639378905296326
0.5898367166519165
0.781761646270752
0.8281406164169312
0.8282327651977539
0.2785748839378357
0.25734588503837585
0.5558745861053467
0.4054410755634308
0.5476099252700806
0.5617207884788513
0.43603911995887756
0.3793458640575409
0.2921168804168701
0.24171163141727448
0.6887370347976685
0.6240350008010864
0.644660472869873
0.713598370552063
0.7423323392868042
0.7433929443359375
0.7235917448997498
0.7502346038818359
0.6939786672592163
0.6813062429428101
0.5594326257705688
0.6369501352310181
0.6002990007400513
0.6213186979293823
0.6870108842849731
0.6586499214172363
0.708591878414154
0.6660267114639282
0.6583722829818726
0.6691498160362244
0.5236058235168457
0.5367292165756226
0.565726101398468
0.40498843789100647
0.5871280431747437
0.4256438612937927
0.6280190944671631
0.6264819502830505
0.5888869166374207
0.500904381275177
0.6358897089958191
0.512434720993042
0.5971720814704895
0.5309897661209106
0.6004005670547485
0.4267941415309906
0.8081805109977722
0.6640096306800842
0.8247514367103577
