193
0.2171887904405594
0.190974161028862
0.2434910088777542
0.08538422733545303
0.26755091547966003
0.312415212392807
0.0837269276380539
0.18443343043327332
0.09772511571645737
0.08913658559322357
0.20222416520118713
0.0833580270409584
0.09024360775947571
0.14411179721355438
0.1823568344116211
0.35222986340522766
0.09000824391841888
0.1101275086402893
0.2248229682445526
0.16182945668697357
0.28894931077957153
0.2316083461046219
0.2085622400045395
0.15791454911231995
0.15857015550136566
0.15724894404411316
0.19866639375686646
0.06877705454826355
0.09890316426753998
0.21748150885105133
0.15708543360233307
0.2854195237159729
0.06467954814434052
0.14154864847660065
0.06288547068834305
0.14512762427330017
0.08789841085672379
0.07110808044672012
0.11272644996643066
0.12046843022108078
0.0718066617846489
0.07518773525953293
0.08139465749263763
0.0842146947979927
0.19451864063739777
0.19489248096942902
0.20446734130382538
0.17638221383094788
0.17002400755882263
0.47425347566604614
0.43390610814094543
0.17590826749801636
0.39380374550819397
0.20492815971374512
0.18063214421272278
0.17349007725715637
0.17380616068840027
0.16852355003356934
0.4184570610523224
0.24713292717933655
0.17362254858016968
0.1902063488960266
0.8262149095535278
0.8591638803482056
0.8575221300125122
0.8515691161155701
0.8355553150177002
0.18936744332313538
0.20761705935001373
0.5210692286491394
0.4983287453651428
0.196577787399292
0.4232114851474762
0.21151548624038696
0.22179251909255981
0.4839910864830017
0.1950981169939041
0.1871371567249298
0.2165176272392273
0.20939095318317413
0.22708286345005035
0.4435427188873291
0.26222559809684753
0.20403681695461273
0.22369396686553955
0.4535040557384491
0.49347296357154846
0.34280669689178467
0.3111058473587036
0.6396323442459106
0.6198852062225342
0.6154146194458008
0.6797430515289307
0.4925995171070099
0.42246246337890625
0.6942574977874756
0.7240656018257141
0.5542134642601013
0.48311111330986023
0.6268773078918457
0.6811374425888062
0.5564080476760864
0.655210554599762
0.6196796894073486
0.6710516214370728
0.5336655974388123
0.48934510350227356
0.7330211997032166
0.7538919448852539
0.5483864545822144
0.6587914824485779
0.6030363440513611
0.6154207587242126
0.5114957094192505
0.5483255386352539
0.3861585259437561
0.34560057520866394
0.5599877834320068
0.5949830412864685
0.4305393397808075
0.37993124127388
0.46655601263046265
0.502494752407074
0.3515484929084778
0.3188480734825134
0.46540185809135437
0.5011456608772278
0.35092246532440186
0.31841522455215454
0.6721567511558533
0.6944783329963684
0.5179014801979065
0.4539233446121216
0.62385493516922
0.6874322891235352
0.49572670459747314
0.4250502586364746
0.5820960402488708
0.6519912481307983
0.4517708718776703
0.389049232006073
0.6412418484687805
0.6920769810676575
0.4998510181903839
0.6060341000556946
0.61661696434021
0.6402481198310852
0.4917161166667938
0.44425538182258606
0.6373933553695679
0.6155092120170593
0.3823074400424957
0.38218584656715393
0.7150416374206543
0.7311136722564697
0.6905742287635803
0.688942015171051
0.8055547475814819
0.8121823668479919
0.8044974207878113
0.8109179735183716
0.6165788769721985
0.5541966557502747
0.47820204496383667
0.5081953406333923
0.5466415882110596
0.5789579153060913
0.5388837456703186
0.47576889395713806
0.5956209897994995
0.43441322445869446
0.43434181809425354
0.8092103600502014
0.5541586875915527
0.7744065523147583
0.5682916641235352
0.41196638345718384
0.4073721170425415
0.48457345366477966
0.704940676689148
0.5510478615760803
0.6660551428794861
0.5654505491256714
0.7026258707046509
0.5192196369171143
0.6945632696151733
0.638024091720581
0.6442063450813293
0.8258068561553955
0.800445556640625
0.6153722405433655
0.8210738897323608
0.8427464365959167
