62
0.09315414726734161
0.0996851846575737
0.29708147048950195
0.19340813159942627
0.09998355805873871
0.13689987361431122
0.09388944506645203
0.15060408413410187
0.09291055798530579
0.13519179821014404
0.1939331740140915
0.0652085542678833
0.18793530762195587
0.07460441440343857
0.15607842803001404
0.07924500852823257
0.1610955446958542
0.06810807436704636
0.07380462437868118
0.1535775363445282
0.10848832130432129
0.3788452446460724
0.16449925303459167
0.4416669011116028
0.18394333124160767
0.8404787182807922
0.8328855037689209
0.8173285126686096
0.788785994052887
0.8444035649299622
0.3506849706172943
0.2000519335269928
0.43346691131591797
0.202035591006279
0.5665368437767029
0.47073009610176086
0.564058244228363
0.5179219841957092
0.6149491667747498
0.3374391794204712
0.4783742427825928
0.6491313576698303
0.4549875855445862
0.6201674342155457
0.6452385187149048
0.5688247680664062
0.46993643045425415
0.5681562423706055
0.29482996463775635
0.4986768960952759
0.6714542508125305
0.4508778750896454
0.6136230826377869
0.5467208623886108
0.5538662075996399
0.5121232867240906
0.3362647294998169
0.24648988246917725
0.24343951046466827
0.4960903525352478
0.8023260831832886
0.821891725063324
