279
0.12493780255317688
0.12129680812358856
0.133734330534935
0.3266677260398865
0.12305671721696854
0.13955995440483093
0.17912133038043976
0.10846071690320969
0.12335137277841568
0.11049346625804901
0.19006043672561646
0.07725374400615692
0.11214300245046616
0.11802677065134048
0.0986650213599205
0.1040235385298729
0.08577469736337662
0.09323994815349579
0.21248334646224976
0.15891095995903015
0.09336760640144348
0.21048466861248016
0.1321444809436798
0.2823423147201538
0.1846121847629547
0.1683003008365631
0.13440819084644318
0.1752101331949234
0.0868736281991005
0.16770817339420319
0.10464617609977722
0.1418439745903015
0.07586657255887985
0.07210703939199448
0.17327386140823364
0.08468368649482727
0.08313117176294327
0.08306203037500381
0.1330011785030365
0.07350500673055649
0.1487235575914383
0.18799954652786255
0.07186252623796463
0.1440482884645462
0.1852325052022934
0.139860600233078
0.10942742973566055
0.08637112379074097
0.07100607454776764
0.09768862277269363
0.10093040019273758
0.12188197672367096
0.19835317134857178
0.1308610886335373
0.20659874379634857
0.14942090213298798
0.22049778699874878
0.21086402237415314
0.2626538872718811
0.14675453305244446
0.13001364469528198
0.13126012682914734
0.1688595414161682
0.12067905813455582
0.23003199696540833
0.11590837687253952
0.1777738332748413
0.09741222113370895
0.07857754081487656
0.10275954753160477
0.1012653037905693
0.1940104067325592
0.2155442237854004
0.1597566157579422
0.17251193523406982
0.16874732077121735
0.20569837093353271
0.3786218464374542
0.13086256384849548
0.15332207083702087
0.26290732622146606
0.11590950191020966
0.1306864321231842
0.19653110206127167
0.3452056050300598
0.3487294316291809
0.4439617693424225
0.25432294607162476
0.35923340916633606
0.3629075288772583
0.4682675302028656
0.4130854904651642
0.20702460408210754
0.24947236478328705
0.32152482867240906
0.37937191128730774
0.35109689831733704
0.4432113468647003
0.2181747555732727
0.19280704855918884
0.5342612862586975
0.8455884456634521
0.8442625403404236
0.8453841209411621
0.8284279108047485
0.8259621858596802
0.8482022881507874
0.8369842171669006
0.7530789971351624
0.8320820927619934
0.8431564569473267
0.8466391563415527
0.196665421128273
0.22038064897060394
0.2046475112438202
0.2257116138935089
0.1588456779718399
0.19072867929935455
0.3444526195526123
0.15295642614364624
0.18068315088748932
0.3130575120449066
0.1612074375152588
0.1878332644701004
0.30828171968460083
0.4110671579837799
0.41505110263824463
0.5257261991500854
0.3282793462276459
0.33162906765937805
0.4259383976459503
0.24284245073795319
0.324191153049469
0.32748690247535706
0.4222322404384613
0.24038705229759216
0.45099076628685
0.20644964277744293
0.3242475986480713
0.4099733829498291
0.5378767848014832
0.5027710199356079
0.377589613199234
0.24630895256996155
0.2219424545764923
0.45019346475601196
0.5484079122543335
0.5920665264129639
0.5131331086158752
0.5644741058349609
0.6350225806236267
0.6059488654136658
0.6452831625938416
0.5835690498352051
0.5533905029296875
0.4329597055912018
0.47875940799713135
0.42969900369644165
0.408143550157547
0.4857301414012909
0.5324999690055847
0.478788286447525
0.45367908477783203
0.5893113613128662
0.630081057548523
0.5743260383605957
0.5480643510818481
0.6572226881980896
0.6912506222724915
0.6518741250038147
0.6207907199859619
0.5106462240219116
0.5555965304374695
0.5061118006706238
0.3951880931854248
0.5123308300971985
0.30696842074394226
0.5720838308334351
0.5857135653495789
0.30255866050720215
0.4421566426753998
0.5308453440666199
0.5019473433494568
0.5518909096717834
0.5009250044822693
0.5507234930992126
0.572368323802948
0.6186714172363281
0.528125524520874
0.49226146936416626
0.541684091091156
0.4898608326911926
0.46651408076286316
0.45264172554016113
0.49863675236701965
0.45376718044281006
0.6407672166824341
0.6775642037391663
0.6432846188545227
0.6116834282875061
0.4021218717098236
0.4925200939178467
0.24011456966400146
0.5505194067955017
0.4858246445655823
0.2658255994319916
0.6268683671951294
0.4632830023765564
0.5833155512809753
0.39759212732315063
0.5416579842567444
0.5703251957893372
0.5893576741218567
0.44820842146873474
0.542400598526001
0.5114007592201233
0.420572429895401
0.4671666622161865
0.4732609987258911
0.4298073351383209
0.43203791975975037
0.657635509967804
0.6244205236434937
0.6075184941291809
0.4924585521221161
0.46349596977233887
0.4976983964443207
0.3920850157737732
0.3332522511482239
0.5284627079963684
0.4680595397949219
0.5838255882263184
0.5848105549812317
0.5303696393966675
0.5341907143592834
0.39920225739479065
0.5758811235427856
0.7457060813903809
0.5630700588226318
0.5891492962837219
0.8110950589179993
0.3458918631076813
0.8216266632080078
0.5350304245948792
0.5238940715789795
0.5707873106002808
0.6025049090385437
0.3083639144897461
0.38835421204566956
0.5732890367507935
0.5066455602645874
0.3480699956417084
0.4577047824859619
0.6295501589775085
0.6328890919685364
0.8192428946495056
0.7840718030929565
0.4467828571796417
0.4185466468334198
0.3904210329055786
0.32283177971839905
0.47389575839042664
0.4601592421531677
0.4582365155220032
0.5509325265884399
0.39776068925857544
0.5297980904579163
0.83730149269104
0.8277636170387268
0.8392527103424072
0.8418759107589722
0.8347563147544861
0.7915764451026917
0.82058185338974
0.8097456693649292
0.6619821190834045
0.7686783671379089
0.793346643447876
0.7472559809684753
