49
0.3597048819065094
0.13896146416664124
0.09162645041942596
0.06860167533159256
0.06615658104419708
0.10510289669036865
0.37173646688461304
0.11691571027040482
0.07259369641542435
0.14411744475364685
0.09364230185747147
0.08858594298362732
0.5846405625343323
0.20220947265625
0.8426214456558228
0.8379996418952942
0.8385337591171265
0.8405203819274902
0.8279768824577332
0.851118266582489
0.8511252403259277
0.8154822587966919
0.8461818099021912
0.8421984314918518
0.7633354663848877
0.6576310992240906
0.2745562195777893
0.5209551453590393
0.5449655055999756
0.6079000234603882
0.6118870973587036
0.5894602537155151
0.6871188879013062
0.5454235672950745
0.572218656539917
0.6500746607780457
0.5833401083946228
0.5561509132385254
0.6623047590255737
0.5565382838249207
0.5565699338912964
0.6354109048843384
0.4982922077178955
0.5766847133636475
0.5445213317871094
0.6069293022155762
0.5809071063995361
0.5823200345039368
0.6912862658500671
