93
0.20609915256500244
0.1647915542125702
0.12065914273262024
0.1011924222111702
0.08348710834980011
0.09641770273447037
0.07502759993076324
0.07755797356367111
0.11475127190351486
0.07892505079507828
0.2404237538576126
0.2191971242427826
0.354398250579834
0.14986853301525116
0.30067867040634155
0.3830942213535309
0.12789581716060638
0.1667884886264801
0.12686951458454132
0.14134599268436432
0.06545936316251755
0.06670647859573364
0.08019385486841202
0.06786049157381058
0.06912452727556229
0.06868405640125275
0.06418898701667786
0.06383858621120453
0.1439376324415207
0.06554962694644928
0.18292352557182312
0.11093631386756897
0.12230264395475388
0.2916216552257538
0.32952797412872314
0.18010161817073822
0.1838741898536682
0.254165917634964
0.2639276087284088
0.4722183048725128
0.4826112687587738
0.454140841960907
0.5157357454299927
0.7413000464439392
0.8312979936599731
0.7939916849136353
0.22429072856903076
0.2586285173892975
0.2537039518356323
0.5109300017356873
0.4673539996147156
0.4403320848941803
0.5192217826843262
0.48958590626716614
0.679020881652832
0.5728676915168762
0.5394562482833862
0.624052107334137
0.5910767316818237
0.6105210185050964
0.5372095704078674
0.47892963886260986
0.5624066591262817
0.4435428977012634
0.521565854549408
0.6368145942687988
0.6904386878013611
0.6057682037353516
0.6492208242416382
0.6135830879211426
0.5849316716194153
0.6299006938934326
0.5616216063499451
0.48905614018440247
0.5684823393821716
0.647257924079895
0.6958654522895813
0.5757036805152893
0.5412854552268982
0.4543476402759552
0.47590166330337524
0.4685859680175781
0.5658667087554932
0.4604201316833496
0.49520158767700195
0.7900922894477844
0.5779306292533875
0.49705392122268677
0.6036999821662903
0.8433232307434082
0.785506546497345
0.8253318071365356
0.7908012270927429
