112
0.0933283120393753
0.13002920150756836
0.12662158906459808
0.29816412925720215
0.35901057720184326
0.2734789550304413
0.14180274307727814
0.2891218662261963
0.3036365211009979
0.10787643492221832
0.24258273839950562
0.31049129366874695
0.13991385698318481
0.1487305611371994
0.08050388097763062
0.0892612487077713
0.3404961824417114
0.32821571826934814
0.0690053254365921
0.07610508054494858
0.07694617658853531
0.20465630292892456
0.31598901748657227
0.12263686954975128
0.19716346263885498
0.09003859758377075
0.21369381248950958
0.22072458267211914
0.1619865745306015
0.17196495831012726
0.30070850253105164
0.19247020781040192
0.2238394170999527
0.19576461613178253
0.3106492757797241
0.4988901913166046
0.3729225695133209
0.4443638324737549
0.2798413634300232
0.45925015211105347
0.32737991213798523
0.3068254292011261
0.1820468306541443
0.1903887242078781
0.26692819595336914
0.1679554432630539
0.5122441649436951
0.29736027121543884
0.2671103775501251
0.2759685814380646
0.5255011320114136
0.7760490775108337
0.5005797743797302
0.36328962445259094
0.4328487515449524
0.3765486180782318
0.35026994347572327
0.44830676913261414
0.39230427145957947
0.22046725451946259
0.21543048322200775
0.5471351146697998
0.3253437578678131
0.2872961759567261
0.28993159532546997
0.3761352002620697
0.21924622356891632
0.3812563419342041
0.524028480052948
0.5539805889129639
0.5568878054618835
0.5661221742630005
0.24733896553516388
0.5999364852905273
0.5243080258369446
0.6438813805580139
0.5675157308578491
0.5244258642196655
0.5048847794532776
0.5522202849388123
0.22581996023654938
0.6343246102333069
0.6154235601425171
0.5222035646438599
0.611340343952179
0.5029483437538147
0.626335620880127
0.6662829518318176
0.5639167428016663
0.4728948473930359
0.3946385383605957
0.6020049452781677
0.6785127520561218
0.5064681172370911
0.6714756488800049
0.48791804909706116
0.5754092931747437
0.38365092873573303
0.6782091856002808
0.5552788972854614
0.7337506413459778
0.49403321743011475
0.5992546677589417
0.661706268787384
0.7432675361633301
0.5476250648498535
0.3124825060367584
0.43112996220588684
0.49505120515823364
0.5036112070083618
0.8028697371482849
0.8053900599479675
