152
0.2305067777633667
0.10687261819839478
0.1989413946866989
0.08591853827238083
0.1731608361005783
0.07926447689533234
0.07622931152582169
0.2144586443901062
0.09270460158586502
0.13589726388454437
0.26590436697006226
0.09723901748657227
0.11504408717155457
0.16375257074832916
0.08292164653539658
0.23284892737865448
0.1049097329378128
0.1569536030292511
0.21423442661762238
0.10518693923950195
0.1052609384059906
0.22733154892921448
0.10457944124937057
0.13911862671375275
0.07034629583358765
0.2069804072380066
0.06506148725748062
0.1877058446407318
0.19240815937519073
0.06726247072219849
0.06140345707535744
0.23358780145645142
0.07847125083208084
0.08528922498226166
0.06313396245241165
0.2007230818271637
0.1767493188381195
0.14732466638088226
0.14731565117835999
0.0880034863948822
0.17422276735305786
0.1860792338848114
0.35989895462989807
0.19708088040351868
0.2438911497592926
0.558612048625946
0.4209105372428894
0.5333496332168579
0.49573373794555664
0.30797848105430603
0.44625943899154663
0.2756001651287079
0.48821353912353516
0.41371771693229675
0.4901723563671112
0.43030673265457153
0.36505869030952454
0.17779216170310974
0.2811664640903473
0.3656274974346161
0.21097081899642944
0.7655631303787231
0.8406902551651001
0.7740092873573303
0.21862488985061646
0.22338947653770447
0.38459521532058716
0.3092280626296997
0.3556446433067322
0.39970409870147705
0.5716214179992676
0.49589604139328003
0.49178680777549744
0.4202997088432312
0.4947673976421356
0.30873361229896545
0.4121655821800232
0.35130882263183594
0.4167749285697937
0.2591313123703003
0.5304800271987915
0.3399020731449127
0.45361077785491943
0.3858747184276581
0.43153175711631775
0.3689485788345337
0.19060546159744263
0.21725638210773468
0.45021361112594604
0.4501613974571228
0.24193046987056732
0.5802138447761536
0.5506852865219116
0.5425844788551331
0.588224470615387
0.5630669593811035
0.6216605305671692
0.6206865310668945
0.4732750952243805
0.473226398229599
0.5333943367004395
0.514254629611969
0.6267399787902832
0.567282497882843
0.6031398177146912
0.5628305077552795
0.38555124402046204
0.46720755100250244
0.5165658593177795
0.5077437162399292
0.401889443397522
0.6678321957588196
0.607008695602417
0.6669921278953552
0.5459247827529907
0.449883371591568
0.5479134917259216
0.41918230056762695
0.49402686953544617
0.8421021103858948
0.5117558836936951
0.38107600808143616
0.748848557472229
0.549898624420166
0.7588111758232117
0.7587692737579346
0.51954185962677
0.8209317922592163
0.4451999068260193
0.7621779441833496
0.8169472813606262
0.8169183731079102
0.6383659243583679
0.8470685482025146
0.5680636167526245
0.8187660574913025
0.8433125615119934
0.7319616675376892
0.4041748344898224
0.5054141879081726
0.48528626561164856
0.6332413554191589
0.7910869121551514
0.7910575866699219
0.5809090733528137
0.8345134258270264
0.5076712965965271
0.7937710881233215
0.8370485305786133
0.8138605356216431
0.8246222734451294
0.7793840765953064
