59
0.16136480867862701
0.36513644456863403
0.11454921960830688
0.10291720926761627
0.09288159757852554
0.07780808955430984
0.23537138104438782
0.11158052831888199
0.0885198786854744
0.20587541162967682
0.162374809384346
0.34470152854919434
0.08389098942279816
0.07125859707593918
0.09894705563783646
0.2095697522163391
0.07470051944255829
0.10200352221727371
0.15076041221618652
0.17829473316669464
0.27502700686454773
0.4513586163520813
0.23965217173099518
0.2591913640499115
0.44796299934387207
0.4624992609024048
0.5227779746055603
0.8495517373085022
0.19090686738491058
0.2861628532409668
0.4158020317554474
0.25225377082824707
0.4094882011413574
0.23814164102077484
0.24683016538619995
0.490048885345459
0.49049797654151917
0.6174638271331787
0.6493499875068665
0.4765518009662628
0.5850386023521423
0.5126419067382812
0.4489196240901947
0.7048696279525757
0.5312817096710205
0.5663861632347107
0.6156319975852966
0.5264943838119507
0.5741501450538635
0.48337146639823914
0.5758456587791443
0.47951698303222656
0.6172063946723938
0.5163811445236206
0.7100633382797241
0.46823227405548096
0.576515257358551
0.5855445265769958
0.806694746017456
