215
0.25803714990615845
0.3465573489665985
0.20499680936336517
0.2597874104976654
0.115883007645607
0.28693538904190063
0.14601995050907135
0.18520484864711761
0.162217915058136
0.07918556779623032
0.16784262657165527
0.26413699984550476
0.25852665305137634
0.3106153905391693
0.10486893355846405
0.34620699286460876
0.36469894647598267
0.3651193380355835
0.37011536955833435
0.3090500831604004
0.23477675020694733
0.11288907378911972
0.13758306205272675
0.309355229139328
0.24888774752616882
0.1603320837020874
0.19155870378017426
0.09326980262994766
0.18434566259384155
0.2790513038635254
0.0797077938914299
0.08781633526086807
0.10451076924800873
0.10953361541032791
0.06191743537783623
0.12310963869094849
0.20958994328975677
0.230147585272789
0.2843737304210663
0.30777642130851746
0.3000974953174591
0.3383757472038269
0.07183714956045151
0.07222408801317215
0.1588323712348938
0.22757957875728607
0.06679344922304153
0.17758570611476898
0.1763964593410492
0.15983523428440094
0.15897318720817566
0.3452244699001312
0.18404683470726013
0.3791979253292084
0.19171138107776642
0.2171826809644699
0.2938479483127594
0.41619110107421875
0.4513586163520813
0.184151753783226
0.24660202860832214
0.271344393491745
0.2677571177482605
0.1659889668226242
0.1766079068183899
0.2986181676387787
0.28533482551574707
0.35911625623703003
0.4896579086780548
0.5099559426307678
0.5019834637641907
0.4882676303386688
0.16718170046806335
0.16132919490337372
0.4482993185520172
0.3704320788383484
0.4258534610271454
0.16825628280639648
0.828301191329956
0.8222606182098389
0.7945590615272522
0.7944484949111938
0.7238823175430298
0.8344705104827881
0.7194778323173523
0.6957613229751587
0.7835723757743835
0.7569596171379089
0.7512972354888916
0.8243604898452759
0.8039348721504211
0.8041377067565918
0.18419134616851807
0.38156163692474365
0.18610690534114838
0.3707273602485657
0.22391439974308014
0.23782572150230408
0.33767855167388916
0.43478184938430786
0.4703163802623749
0.19670824706554413
0.32568854093551636
0.2597217857837677
0.2572925388813019
0.1929572969675064
0.19998422265052795
0.355058878660202
0.32893654704093933
0.3294193744659424
0.4496224522590637
0.3095921576023102
0.423114150762558
0.31063780188560486
0.4244687557220459
0.5262672901153564
0.5707198977470398
0.18154843151569366
0.2069878876209259
0.4427469074726105
0.4936268627643585
0.43175169825553894
0.18296968936920166
0.4571417570114136
0.42598676681518555
0.5691959857940674
0.5965030193328857
0.5430194139480591
0.6656940579414368
0.5626406073570251
0.6480432152748108
0.5244817137718201
0.5535295605659485
0.6815035343170166
0.7172859311103821
0.4496036469936371
0.5063105821609497
0.5175274610519409
0.4566872715950012
0.6106377243995667
0.4335762560367584
0.5768469572067261
0.5797737836837769
0.6645174026489258
0.4965810179710388
0.5178537368774414
0.6617926359176636
0.6791684031486511
0.4591274857521057
0.427866131067276
0.5302308797836304
0.5516316890716553
0.4425242245197296
0.5714797973632812
0.5833702087402344
0.4385622441768646
0.6065417528152466
0.41973185539245605
0.5689535737037659
0.6215072870254517
0.5969458818435669
0.6715244650840759
0.6715644001960754
0.4958935081958771
0.49580076336860657
0.662479043006897
0.6624338626861572
0.5801486372947693
0.5407561659812927
0.6019283533096313
0.48737120628356934
0.5835434794425964
0.49866312742233276
0.5180403590202332
0.5814433097839355
0.5156821012496948
0.4982759356498718
0.6621040105819702
0.6622653603553772
0.5121681690216064
0.4071212410926819
0.5203527212142944
0.7226991057395935
0.512257993221283
0.569958508014679
0.6224316358566284
0.622456967830658
0.6548028588294983
0.4716864824295044
0.6786449551582336
0.7659919857978821
0.4018363952636719
0.4023853540420532
0.36129242181777954
0.6941157579421997
0.470866858959198
0.5741562843322754
0.48108556866645813
0.44798821210861206
0.4276159405708313
0.4280432164669037
0.349327027797699
0.7855056524276733
0.7830415368080139
0.7826981544494629
0.4585212171077728
0.5083686113357544
0.8337755799293518
0.7308605909347534
0.8096868395805359
0.8098586201667786
0.6133370995521545
0.6723355054855347
0.7702234983444214
0.8170109987258911
