446
0.11268407106399536
0.3369114398956299
0.16268588602542877
0.09132283180952072
0.4599500298500061
0.09639618545770645
0.39976903796195984
0.08866487443447113
0.08664710819721222
0.14333383738994598
0.09703885763883591
0.13826952874660492
0.17027176916599274
0.1119585707783699
0.1618329882621765
0.1724834442138672
0.11372382938861847
0.16435104608535767
0.06690680980682373
0.16341131925582886
0.20960432291030884
0.0699891448020935
0.16149258613586426
0.08688806742429733
0.11124515533447266
0.10978084057569504
0.12244139611721039
0.16067121922969818
0.18444061279296875
0.15319912135601044
0.17707541584968567
0.21042859554290771
0.17424456775188446
0.1458042412996292
0.06816201657056808
0.07822465896606445
0.11591286957263947
0.06398848444223404
0.07315395772457123
0.10977485775947571
0.18333598971366882
0.11290876567363739
0.10376852005720139
0.09717076271772385
0.1143658384680748
0.17099453508853912
0.15152081847190857
0.1566646546125412
0.1504487246274948
0.10117952525615692
0.15674512088298798
0.1356264352798462
0.1271749883890152
0.1260136514902115
0.1494588851928711
0.09133931249380112
0.08656232804059982
0.0904882475733757
0.0836043432354927
0.07957654446363449
0.07126867771148682
0.06331571936607361
0.12580855190753937
0.10375769436359406
0.1334470510482788
0.16302050650119781
0.10842308402061462
0.12374654412269592
0.15099118649959564
0.10271400958299637
0.19703690707683563
0.12633424997329712
0.07182201743125916
0.1841413378715515
0.1008160337805748
0.10140802711248398
0.10132402926683426
0.1371166706085205
0.12791889905929565
0.13478805124759674
0.16945412755012512
0.15168359875679016
0.08606745302677155
0.06549243628978729
0.07521775364875793
0.11253573000431061
0.06307990103960037
0.07233487069606781
0.10880416631698608
0.13151554763317108
0.10136209428310394
0.06078086793422699
0.06991260498762131
0.10508064180612564
0.26940593123435974
0.11950978636741638
0.3074502944946289
0.07138115167617798
0.09277290850877762
0.0893881693482399
0.05982058495283127
0.12899360060691833
0.10394236445426941
0.19584740698337555
0.1332724690437317
0.0866473838686943
0.33640938997268677
0.23020592331886292
0.4055837392807007
0.22956044971942902
0.2547853887081146
0.35513803362846375
0.2610343396663666
0.2085348665714264
0.2153458446264267
0.3439059853553772
0.2850455939769745
0.3259357213973999
0.21232514083385468
0.2802076041698456
0.23808719217777252
0.15230317413806915
0.17826570570468903
0.2095225304365158
0.3937211334705353
0.4230932891368866
0.22638261318206787
0.24931423366069794
0.23657923936843872
0.21545812487602234
0.3855757713317871
0.3765328526496887
0.14864253997802734
0.8482025861740112
0.8511863946914673
0.8355104327201843
0.8395240902900696
0.782866895198822
0.8169713020324707
0.8052589297294617
0.7605677843093872
0.8529852032661438
0.8318575620651245
0.7792471647262573
0.8459442853927612
0.6541638374328613
0.6899065375328064
0.800618588924408
0.8207975029945374
0.8321902751922607
0.7541787624359131
0.8491818308830261
0.24502186477184296
0.2641530930995941
0.2379600554704666
0.413067102432251
0.3335971534252167
0.389507532119751
0.32702991366386414
0.32406535744667053
0.3692637085914612
0.3124307096004486
0.3126243054866791
0.5130648016929626
0.33674219250679016
0.32287630438804626
0.2618946135044098
0.2651238739490509
0.27059707045555115
0.261394739151001
0.2590034008026123
0.22299300134181976
0.18658111989498138
0.22815369069576263
0.29162442684173584
0.44043204188346863
0.22500938177108765
0.3033466339111328
0.239481121301651
0.39212626218795776
0.2289760708808899
0.4328209161758423
0.22919365763664246
0.20786602795124054
0.21741507947444916
0.19980047643184662
0.4733424484729767
0.2674221396446228
0.2433357834815979
0.4429261386394501
0.3796316385269165
0.2046409696340561
0.3173244595527649
0.5579188466072083
0.45303067564964294
0.4497532248497009
0.3964175581932068
0.385776549577713
0.7451665997505188
0.6786128878593445
0.4708305895328522
0.5911697745323181
0.5882318019866943
0.5935147404670715
0.47645053267478943
0.5530334115028381
0.43046945333480835
0.5433206558227539
0.6644972562789917
0.5125143527984619
0.4775106906890869
0.6465693116188049
0.45794034004211426
0.5297865271568298
0.5965974926948547
0.6301239728927612
0.5219917297363281
0.5918067097663879
0.6303848624229431
0.5192654728889465
0.5899144411087036
0.6301934719085693
0.5523191690444946
0.6087751388549805
0.7202296257019043
0.5145355463027954
0.6306044459342957
0.5945528745651245
0.4192802906036377
0.7073948383331299
0.48454323410987854
0.6024816632270813
0.5719382762908936
0.39676061272621155
0.6703358292579651
0.4204147458076477
0.5304993987083435
0.34919473528862
0.6840606331825256
0.4581586420536041
0.5548932552337646
0.5500732064247131
0.37434718012809753
0.5175621509552002
0.5467099547386169
0.5032302141189575
0.5457966327667236
0.48836690187454224
0.5993743538856506
0.5535236597061157
0.58033287525177
0.480436235666275
0.6623772382736206
0.5494970083236694
0.6571301221847534
0.6569479703903198
0.6215101480484009
0.613135039806366
0.506159782409668
0.34707367420196533
0.4435507655143738
0.7409434914588928
0.623608410358429
0.5680999159812927
0.45708587765693665
0.4556960463523865
0.44442933797836304
0.4649951756000519
0.4922463297843933
0.5779668688774109
0.4499387741088867
0.42465338110923767
0.6142702102661133
0.4089146554470062
0.47860628366470337
0.6780180931091309
0.46398189663887024
0.5984236001968384
0.6068831086158752
0.6274875998497009
0.6282738447189331
0.43332502245903015
0.5105739831924438
0.5581681132316589
0.5162184834480286
0.5921466946601868
0.6380562782287598
0.5039154291152954
0.5836312770843506
0.6357832551002502
0.7274285554885864
0.5109448432922363
0.6302474737167358
0.6014459729194641
0.4177519977092743
0.7186667919158936
0.4894024133682251
0.610693097114563
0.4021316468715668
0.6693591475486755
0.4074018597602844
0.518115758895874
0.33662599325180054
0.6195042729377747
0.4079934358596802
0.49201858043670654
0.4896416962146759
0.3283531367778778
0.6059620380401611
0.6466541886329651
0.5444689393043518
0.5520520210266113
0.6097196936607361
0.7051281929016113
0.5457841753959656
0.48967182636260986
0.7623264193534851
0.6301310062408447
0.5482838749885559
0.5439620018005371
0.6274933815002441
0.47892242670059204
0.6326112747192383
0.5732170343399048
0.4089503884315491
0.6811375617980957
0.5905089974403381
0.5435808300971985
0.53850919008255
0.5257526636123657
0.6288272142410278
0.5488975644111633
0.6295272707939148
0.5211392045021057
0.5456786155700684
0.4571400284767151
0.48113954067230225
0.511662483215332
0.534083902835846
0.634307324886322
0.6502985954284668
0.5319163799285889
0.6229138970375061
0.3988434672355652
0.3853270411491394
0.4954243302345276
0.4722428321838379
0.5803382992744446
0.40445029735565186
0.5311073064804077
0.4667830169200897
0.5718981027603149
0.39646321535110474
0.4816371500492096
0.5643841624259949
0.5451227426528931
0.4346657693386078
0.5792859792709351
0.37372249364852905
0.41920411586761475
0.4705039858818054
0.4442839026451111
0.4944130778312683
0.6411103010177612
0.5316987037658691
0.4885883033275604
0.4690183103084564
0.6578244566917419
0.5140494704246521
0.622097909450531
0.4468029737472534
0.45899635553359985
0.5066286325454712
0.6745598912239075
0.5053290128707886
0.4672558009624481
0.7378432750701904
0.5065985321998596
0.6116227507591248
0.6655831336975098
0.4582362174987793
0.3929891586303711
0.49110859632492065
0.6244730949401855
0.47139081358909607
0.5716590881347656
0.5811110734939575
0.7365738749504089
0.7847865223884583
0.5702851414680481
0.39642512798309326
0.8389565348625183
0.701662003993988
0.6009700298309326
0.508508563041687
0.5440816879272461
0.45608991384506226
0.4442905783653259
0.4403579831123352
0.5249699950218201
0.5977897047996521
0.47936221957206726
0.31125742197036743
0.2986672818660736
0.3720129728317261
0.8027833700180054
0.8140186071395874
0.42610689997673035
0.3749566972255707
0.5482206344604492
0.647005021572113
0.8472911715507507
0.6946635246276855
0.8271546363830566
0.8318074345588684
0.7786635756492615
0.7827627658843994
0.7898755073547363
0.8126789927482605
0.7312818169593811
0.7387522459030151
0.8005303740501404
0.8209614753723145
0.6897379755973816
0.8007161021232605
0.813001275062561
0.8342226147651672
0.8466755151748657
0.6252164840698242
0.8227872252464294
0.7643018364906311
0.8306631445884705
0.8312580585479736
0.7504438757896423
0.8071723580360413
0.8081857562065125
0.8131138682365417
0.5537638664245605
0.8161035776138306
0.6985345482826233
0.8317179083824158
0.8321850895881653
0.6847824454307556
0.7799085974693298
0.8069941997528076
0.7931538224220276
