87
0.17500022053718567
0.3787205219268799
0.4024686813354492
0.18490846455097198
0.17728102207183838
0.12560725212097168
0.0847553014755249
0.16789206862449646
0.2043413519859314
0.2628530263900757
0.2225922793149948
0.2567654252052307
0.21961891651153564
0.3308623731136322
0.24023576080799103
0.11081305146217346
0.3445886969566345
0.30957409739494324
0.2160671353340149
0.08170371502637863
0.13574106991291046
0.15228579938411713
0.30193036794662476
0.10517635941505432
0.11826089024543762
0.11883294582366943
0.1317703276872635
0.14054365456104279
0.1587393581867218
0.3456701934337616
0.4033259153366089
0.3160598576068878
0.29489201307296753
0.15009306371212006
0.4192454218864441
0.47853365540504456
0.38899531960487366
0.36073729395866394
0.18634454905986786
0.7335245609283447
0.8320304155349731
0.20274467766284943
0.3388943374156952
0.38992583751678467
0.3120829463005066
0.2921745479106903
0.1568460911512375
0.4029187858104706
0.4585181176662445
0.37394535541534424
0.3491980731487274
0.18804453313350677
0.6310524344444275
0.7806580662727356
0.7338238954544067
0.6162548065185547
0.5963369011878967
0.7280392646789551
0.5558134913444519
0.6149248480796814
0.7773643732070923
0.49674373865127563
0.6189415454864502
0.6806524395942688
0.5951452255249023
0.36534175276756287
0.40823614597320557
0.3965899646282196
0.5735597014427185
0.6379969120025635
0.3858974575996399
0.8062145709991455
0.7812514901161194
0.7902137637138367
0.8284222483634949
0.7363763451576233
0.6677250266075134
0.694482147693634
0.6136008501052856
0.7097752690315247
0.7770076990127563
0.7162789702415466
0.41308218240737915
0.4144003391265869
0.8081477284431458
0.7925003170967102
0.7674255967140198
