269
0.22888730466365814
0.34415772557258606
0.29258638620376587
0.2849828898906708
0.32479000091552734
0.35100236535072327
0.3698379397392273
0.3551650643348694
0.3617359697818756
0.25608333945274353
0.30506592988967896
0.3366639316082001
0.18203864991664886
0.17107470333576202
0.29074886441230774
0.3544052541255951
0.12893378734588623
0.3063424527645111
0.30774644017219543
0.33547529578208923
0.35371315479278564
0.10418158769607544
0.12760494649410248
0.33032307028770447
0.12842285633087158
0.16344444453716278
0.4062252640724182
0.16032494604587555
0.33309686183929443
0.21320927143096924
0.19320303201675415
0.3054675757884979
0.29942283034324646
0.1482459455728531
0.2826501727104187
0.2892482578754425
0.1194106936454773
0.15518879890441895
0.3156321346759796
0.345089316368103
0.07882490009069443
0.17287856340408325
0.20401711761951447
0.29160869121551514
0.34995007514953613
0.30953705310821533
0.19197288155555725
0.25135740637779236
0.241184800863266
0.27780359983444214
0.2589249908924103
0.29231077432632446
0.10345428436994553
0.21863329410552979
0.3449588119983673
0.2584112882614136
0.07140649110078812
0.3002485930919647
0.07996419817209244
0.0871916189789772
0.24138793349266052
0.07790777087211609
0.21392080187797546
0.08450444787740707
0.1787502020597458
0.06545897573232651
0.1585518717765808
0.14293642342090607
0.19730126857757568
0.3903282582759857
0.24325601756572723
0.07489925622940063
0.2364497184753418
0.35049697756767273
0.20448428392410278
0.21741819381713867
0.23455987870693207
0.3850328028202057
0.22221341729164124
0.39699164032936096
0.25798818469047546
0.17244775593280792
0.490657240152359
0.2916285991668701
0.49678853154182434
0.43311578035354614
0.3774474561214447
0.8230434060096741
0.8328662514686584
0.8136187791824341
0.7520589232444763
0.8238573670387268
0.8236013054847717
0.5221894979476929
0.8223739266395569
0.8255311846733093
0.8098997473716736
0.8452757596969604
0.8411946296691895
0.8355986475944519
0.34245947003364563
0.2525159418582916
0.20513376593589783
0.2488708198070526
0.4708212912082672
0.2923557162284851
0.4303467571735382
0.29900869727134705
0.5804306864738464
0.18099351227283478
0.4679824709892273
0.2771862745285034
0.6653690338134766
0.41691309213638306
0.46912309527397156
0.2913416922092438
0.5452278256416321
0.5346723794937134
0.41218841075897217
0.3974500596523285
0.5801449418067932
0.538074791431427
0.49601632356643677
0.6983673572540283
0.6123596429824829
0.6830877065658569
0.6587881445884705
0.5904768109321594
0.7389761805534363
0.7173596024513245
0.6650318503379822
0.6709100008010864
0.4886223077774048
0.40786993503570557
0.5531426072120667
0.4699375629425049
0.5274577736854553
0.6727255582809448
0.6001695990562439
0.4849868416786194
0.6393418908119202
0.5626956820487976
0.7193317413330078
0.6138647794723511
0.6004292368888855
0.36572545766830444
0.6404794454574585
0.26213470101356506
0.46666866540908813
0.5706549882888794
0.7308159470558167
0.7308031916618347
0.7401561141014099
0.7121824622154236
0.7121678590774536
0.7347406148910522
0.6741229295730591
0.6741040349006653
0.5726754665374756
0.5726513266563416
0.6170545220375061
0.5737908482551575
0.5737669467926025
0.6180475354194641
0.6137264370918274
0.6137049198150635
0.6618601679801941
0.5501810908317566
0.5501574873924255
0.6943878531455994
0.6943759918212891
0.664085328578949
0.6640706658363342
0.6820568442344666
0.6820482611656189
0.7248197197914124
0.5646496415138245
0.6256763339042664
0.5256648063659668
0.5562105774879456
0.4567320644855499
0.6278793811798096
0.5162326097488403
0.6643950343132019
0.6599312424659729
0.5575127005577087
0.7373308539390564
0.7215185165405273
0.6559520959854126
0.6581750512123108
0.6251581907272339
0.4369795024394989
0.5923091769218445
0.5069481134414673
0.5159624218940735
0.6650983095169067
0.5870091319084167
0.6459891200065613
0.5725722312927246
0.6126259565353394
0.29349133372306824
0.5888927578926086
0.29484182596206665
0.5482717156410217
0.513451874256134
0.43100398778915405
0.7331600785255432
0.7331452965736389
0.7304099798202515
0.6378989815711975
0.6378828287124634
0.6973507404327393
0.6050454378128052
0.5022280812263489
0.6153885126113892
0.5132202506065369
0.5972658395767212
0.6012255549430847
0.6586717963218689
0.5728076100349426
0.406295508146286
0.44481557607650757
0.49889546632766724
0.4809092581272125
0.5222679376602173
0.5798371434211731
0.5368597507476807
0.6275652647018433
0.4879162907600403
0.5387799739837646
0.6205525398254395
0.567689061164856
0.6214106678962708
0.5610483884811401
0.5845314264297485
0.5159409046173096
0.48138415813446045
0.4383370280265808
0.3944348990917206
0.4405188262462616
0.5671802163124084
0.36704546213150024
0.6554969549179077
0.609301745891571
0.5843150615692139
0.6189948320388794
0.5942844748497009
0.7356421947479248
0.5411354303359985
0.44503524899482727
0.5207629203796387
0.5391610264778137
0.6149567365646362
0.8115299344062805
0.6603546142578125
0.5955451726913452
0.5395489931106567
0.37574654817581177
0.640001654624939
0.757392406463623
0.8322935700416565
0.8325170874595642
0.6989269852638245
0.6420497298240662
0.8232582211494446
0.8441776037216187
0.7721080183982849
0.8277231454849243
0.8293027281761169
