39
0.10766462981700897
0.09089396148920059
0.23755218088626862
0.1522233635187149
0.11778806895017624
0.082268126308918
0.18230891227722168
0.22177954018115997
0.11410416662693024
0.07269564270973206
0.21469096839427948
0.11999715864658356
0.13316784799098969
0.1820446401834488
0.1651230752468109
0.21097391843795776
0.33150023221969604
0.2350361943244934
0.18177498877048492
0.17041437327861786
0.2497287392616272
0.35604044795036316
0.28184062242507935
0.33321860432624817
0.23020248115062714
0.17627805471420288
0.3010528087615967
0.22601152956485748
0.5056970119476318
0.3467825651168823
0.44575926661491394
0.41106972098350525
0.47678864002227783
0.3820825219154358
0.4794745147228241
0.37892869114875793
0.3860991597175598
0.3066468834877014
0.3744443655014038
