48
0.15396973490715027
0.20776619017124176
0.12827610969543457
0.2962227463722229
0.3269987106323242
0.36592602729797363
0.35151636600494385
0.3169913589954376
0.10533735156059265
0.1680222898721695
0.08384724706411362
0.330923855304718
0.34589681029319763
0.15004543960094452
0.20364275574684143
0.20727059245109558
0.28968870639801025
0.19261208176612854
0.8247820734977722
0.8399726748466492
0.757405161857605
0.2924017608165741
0.5697932839393616
0.7099708318710327
0.703666090965271
0.636910080909729
0.5958608984947205
0.6835519671440125
0.6160174608230591
0.6120951771736145
0.5050705671310425
0.7003840804100037
0.6269320845603943
0.5490201711654663
0.6603273749351501
0.6468904614448547
0.5867235064506531
0.5821645259857178
0.6536649465560913
0.6499337553977966
0.4843118190765381
0.5475093722343445
0.6155943870544434
0.6438864469528198
0.48632532358169556
0.8214214444160461
0.7785252928733826
0.8354499340057373
