135
0.10958965122699738
0.24664928019046783
0.16743774712085724
0.19743689894676208
0.2422264963388443
0.11436574906110764
0.08144420385360718
0.2616632878780365
0.21723687648773193
0.34950873255729675
0.38331636786460876
0.0953880101442337
0.09488217532634735
0.08959317952394485
0.08906213194131851
0.3626639246940613
0.34478288888931274
0.10428528487682343
0.21257801353931427
0.12202811241149902
0.1685076653957367
0.1197085753083229
0.19907623529434204
0.09408684074878693
0.09486177563667297
0.3095371127128601
0.07685644924640656
0.06481944769620895
0.12427278608083725
0.2594784200191498
0.34029415249824524
0.06690871715545654
0.2477606236934662
0.08727589249610901
0.21196910738945007
0.1372152715921402
0.19258742034435272
0.24981267750263214
0.24876055121421814
0.10103577375411987
0.28133293986320496
0.29845550656318665
0.4072556495666504
0.36468687653541565
0.3451777696609497
0.18648125231266022
0.672975480556488
0.554705023765564
0.5515867471694946
0.23463976383209229
0.4216580092906952
0.4841471314430237
0.8115921020507812
0.7138247489929199
0.8339874744415283
0.7725456357002258
0.8234003186225891
0.6924754977226257
0.8305778503417969
0.8449667692184448
0.20334698259830475
0.2052101045846939
0.26285839080810547
0.24987611174583435
0.1049598753452301
0.45809340476989746
0.3097921311855316
0.5148295164108276
0.4399157464504242
0.42332372069358826
0.20547811686992645
0.6994853019714355
0.5788082480430603
0.5838679075241089
0.24649982154369354
0.6505928635597229
0.5353085994720459
0.5301634073257446
0.231519415974617
0.5023400783538818
0.5362405180931091
0.4416695237159729
0.6196510195732117
0.4836132228374481
0.49068698287010193
0.681648313999176
0.36615243554115295
0.460168719291687
0.36524873971939087
0.6706662178039551
0.41317516565322876
0.4538096487522125
0.44996318221092224
0.5088168382644653
0.5797074437141418
0.4764415919780731
0.5200952887535095
0.6017841100692749
0.27929237484931946
0.4419204294681549
0.3486897051334381
0.7196829915046692
0.5727241635322571
0.6904811263084412
0.3844488859176636
0.5190144777297974
0.542578399181366
0.5531975030899048
0.5029691457748413
0.3521578907966614
0.4644298851490021
0.40016961097717285
0.6508570909500122
0.5681074857711792
0.36210331320762634
0.6362065672874451
0.45370587706565857
0.5186006426811218
0.6804556846618652
0.5283271670341492
0.7270632982254028
0.4788205325603485
0.4687345325946808
0.5186314582824707
0.6035124063491821
0.5411104559898376
0.841355562210083
0.8473981022834778
0.7345167398452759
0.8460031747817993
0.6959800720214844
0.8196155428886414
0.8476845026016235
0.82477867603302
0.8444809913635254
