157
0.08434886485338211
0.2184271514415741
0.14696314930915833
0.256323903799057
0.33452358841896057
0.10195108503103256
0.20178276300430298
0.14173486828804016
0.09042731672525406
0.1828826516866684
0.19756968319416046
0.3625986576080322
0.09608093649148941
0.08848030865192413
0.20566590130329132
0.11352726817131042
0.08759640157222748
0.32890626788139343
0.3663254380226135
0.3829136788845062
0.38828855752944946
0.2995159924030304
0.07272472232580185
0.256428062915802
0.21634118258953094
0.20458567142486572
0.19852252304553986
0.08288837224245071
0.10308298468589783
0.18592698872089386
0.11003586649894714
0.09773074835538864
0.12721537053585052
0.23131661117076874
0.06516145169734955
0.31057897210121155
0.06845434010028839
0.06484033912420273
0.12133391946554184
0.079495869576931
0.07553479820489883
0.17001432180404663
0.28128576278686523
0.18607792258262634
0.197880357503891
0.21267034113407135
0.6402627825737
0.6144763827323914
0.314139187335968
0.5287846922874451
0.20650357007980347
0.5585715174674988
0.23107345402240753
0.5462205410003662
0.2286750078201294
0.6228342056274414
0.2868404686450958
0.6063815951347351
0.5372310876846313
0.23591561615467072
0.3454316258430481
0.6301364898681641
0.28667181730270386
0.6083426475524902
0.2621753215789795
0.4790630042552948
0.17972271144390106
0.2957764267921448
0.2962174713611603
0.8320198655128479
0.7064854502677917
0.8446808457374573
0.5377145409584045
0.2671670913696289
0.22985288500785828
0.2084081918001175
0.24780471622943878
0.5976740121841431
0.30894017219543457
0.5387099385261536
0.22651705145835876
0.5519059300422668
0.24069030582904816
0.3248409628868103
0.6291558742523193
0.2996423542499542
0.4778395891189575
0.18872912228107452
0.2682497799396515
0.3207440972328186
0.6429541707038879
0.5547550320625305
0.5641191005706787
0.2980520725250244
0.5731624364852905
0.5307522416114807
0.5784086585044861
0.49405422806739807
0.6125766038894653
0.6131757497787476
0.455579936504364
0.24414746463298798
0.5589331388473511
0.5593300461769104
0.5243878364562988
0.5198635458946228
0.5874679088592529
0.5061659812927246
0.48319804668426514
0.5458959341049194
0.4646519422531128
0.4787314236164093
0.5808175802230835
0.5870612263679504
0.35972860455513
0.5331671833992004
0.5394971966743469
0.599846363067627
0.549724280834198
0.4511638283729553
0.5424455404281616
0.5529394745826721
0.4466673731803894
0.5692296624183655
0.46933674812316895
0.4442500174045563
0.5395931005477905
0.4467030465602875
0.5970076322555542
0.5319997668266296
0.5803937315940857
0.5087643265724182
0.5002602934837341
0.4292433261871338
0.6315974593162537
0.6061359643936157
0.5847855806350708
0.7927312850952148
0.5989564657211304
0.6230341792106628
0.6959595680236816
0.4138694107532501
0.4190378487110138
0.4845445156097412
0.47802209854125977
0.7757619023323059
0.24479174613952637
0.3739511966705322
0.51540607213974
0.4837549030780792
0.4109988510608673
0.8314159512519836
0.8160008788108826
0.7501212954521179
0.5926334261894226
0.8438001275062561
0.8434088230133057
