88
0.12450534105300903
0.29293161630630493
0.15379227697849274
0.29992830753326416
0.15989407896995544
0.2672615945339203
0.32944321632385254
0.08773408830165863
0.29222995042800903
0.2394070327281952
0.294443279504776
0.24202615022659302
0.11897071450948715
0.23776060342788696
0.24889785051345825
0.2504330575466156
0.20984375476837158
0.09725367277860641
0.25223276019096375
0.2668153643608093
0.06917943805456161
0.18372684717178345
0.18614600598812103
0.21897129714488983
0.2148408740758896
0.2122712880373001
0.15890474617481232
0.1862165778875351
0.18608827888965607
0.21700383722782135
0.405062735080719
0.4286564588546753
0.17967118322849274
0.49884822964668274
0.21747975051403046
0.5769389271736145
0.5715487003326416
0.8440923094749451
0.8280959725379944
0.7916017174720764
0.8040106296539307
0.25427335500717163
0.22125600278377533
0.29562583565711975
0.2808791697025299
0.2272855043411255
0.40597301721572876
0.4180527627468109
0.18527092039585114
0.5306735038757324
0.2426367849111557
0.6808553338050842
0.7149105668067932
0.5988924503326416
0.6600689888000488
0.5232730507850647
0.5172895789146423
0.6402424573898315
0.6347128748893738
0.5774944424629211
0.6434049606323242
0.6239463686943054
0.682729184627533
0.5490135550498962
0.5433821678161621
0.6167861819267273
0.6110579371452332
0.445070743560791
0.37312352657318115
0.5599618554115295
0.5218662619590759
0.6004469394683838
0.573554515838623
0.5692620277404785
0.48302415013313293
0.3777370750904083
0.5829412341117859
0.5529497861862183
0.5157175064086914
0.7808243632316589
0.7107881307601929
0.5447313785552979
0.5497125387191772
0.44732266664505005
0.8356107473373413
0.8176292777061462
0.8355884552001953
0.8217376470565796
