105
0.28363022208213806
0.1264428049325943
0.2145012617111206
0.21906301379203796
0.11043006926774979
0.25578707456588745
0.17144732177257538
0.15586355328559875
0.2082834243774414
0.3744064271450043
0.14758887887001038
0.19308114051818848
0.19411027431488037
0.2986171841621399
0.3363845944404602
0.2851194739341736
0.15539295971393585
0.13209158182144165
0.14142344892024994
0.19038471579551697
0.17570416629314423
0.20219869911670685
0.09578503668308258
0.09225037693977356
0.22091776132583618
0.118238165974617
0.2543456554412842
0.07581597566604614
0.21900756657123566
0.1043187826871872
0.1080988347530365
0.16333559155464172
0.09478098154067993
0.1673351675271988
0.27846550941467285
0.10268742591142654
0.1746097207069397
0.1689009666442871
0.3754419684410095
0.4689290523529053
0.3179199993610382
0.3904845714569092
0.3219284117221832
0.40868157148361206
0.2180561125278473
0.2819192111492157
0.2971031069755554
0.34654614329338074
0.29513466358184814
0.1922760009765625
0.7868020534515381
0.6821256875991821
0.682116687297821
0.8199074268341064
0.5118056535720825
0.44948485493659973
0.3410484194755554
0.43441304564476013
0.31422391533851624
0.28118759393692017
0.27404290437698364
0.4563997983932495
0.39201220870018005
0.271340548992157
0.47237706184387207
0.5481058955192566
0.48558786511421204
0.6705971956253052
0.4726942479610443
0.6333745121955872
0.590133547782898
0.38349753618240356
0.5445011854171753
0.5874258279800415
0.38150227069854736
0.541597306728363
0.582524836063385
0.5352392196655273
0.595460057258606
0.5686044096946716
0.48359963297843933
0.5789105892181396
0.3774139881134033
0.5340753197669983
0.652433454990387
0.6097248792648315
0.537568986415863
0.37860673666000366
0.2974923551082611
0.2975049912929535
0.42577797174453735
0.5177280306816101
0.6816630959510803
0.8396468758583069
0.8112146854400635
0.7987444996833801
0.5623540282249451
0.5427306890487671
0.616446316242218
0.48602133989334106
0.8142423629760742
0.779559314250946
0.8009373545646667
0.7974658012390137
0.8145066499710083
