34
0.15384341776371002
0.11377056688070297
0.12657508254051208
0.07096050679683685
0.23851355910301208
0.10182206332683563
0.1265631765127182
0.10486681759357452
0.13925258815288544
0.1289638876914978
0.21748778223991394
0.116319440305233
0.44391930103302
0.513394296169281
0.22014445066452026
0.8356295228004456
0.8379318714141846
0.8299669027328491
0.4906306266784668
0.5145195126533508
0.28376686573028564
0.5403029918670654
0.4949493110179901
0.47752776741981506
0.5553967952728271
0.5341660380363464
0.40157654881477356
0.505933403968811
0.38103488087654114
0.4675132930278778
0.36144116520881653
0.7841072082519531
0.8350659012794495
0.8498497605323792
