201
0.09469012171030045
0.07922378927469254
0.09605007618665695
0.08822950720787048
0.07451929152011871
0.36810609698295593
0.07103479653596878
0.09515517950057983
0.08655573427677155
0.1025116816163063
0.11127261072397232
0.13204090297222137
0.10336517542600632
0.13105428218841553
0.2784320116043091
0.10790760070085526
0.20284844934940338
0.24460257589817047
0.262509286403656
0.18706698715686798
0.13597626984119415
0.10383187234401703
0.1348276436328888
0.07696182280778885
0.1333569884300232
0.4321361184120178
0.35524609684944153
0.08886966109275818
0.093962162733078
0.0711241215467453
0.1753535270690918
0.11218573153018951
0.11424212157726288
0.12808895111083984
0.08853555470705032
0.10281822085380554
0.11675016582012177
0.1607830673456192
0.17538395524024963
0.15896162390708923
0.17363767325878143
0.1340869665145874
0.06778746098279953
0.07943539321422577
0.12230590730905533
0.09908372163772583
0.09148968011140823
0.24870219826698303
0.42496728897094727
0.2506553828716278
0.4463343620300293
0.168473020195961
0.35684600472450256
0.4540356695652008
0.3666326701641083
0.40023863315582275
0.4815812408924103
0.38214534521102905
0.18969351053237915
0.21361665427684784
0.21249857544898987
0.2359042763710022
0.18203522264957428
0.17643021047115326
0.3942212164402008
0.21409323811531067
0.7958394885063171
0.8443245887756348
0.8437495827674866
0.854788601398468
0.8437244296073914
0.7950494289398193
0.7757822275161743
0.825434684753418
0.4217270016670227
0.2500380575656891
0.41391521692276
0.24394889175891876
0.45313042402267456
0.2673891484737396
0.44549813866615295
0.23199255764484406
0.3415309488773346
0.43042871356010437
0.3497753143310547
0.35323894023895264
0.4316019117832184
0.3443274199962616
0.25326570868492126
0.2782098650932312
0.24470743536949158
0.268706351518631
0.2046901434659958
0.21495212614536285
0.40501901507377625
0.22062617540359497
0.44871219992637634
0.663452684879303
0.44107455015182495
0.4805774390697479
0.5553600192070007
0.563103437423706
0.45985496044158936
0.6294862031936646
0.5490211844444275
0.6346142888069153
0.6698285937309265
0.5001960396766663
0.6763059496879578
0.3811917006969452
0.3889927268028259
0.5194658041000366
0.42187127470970154
0.6021357774734497
0.548531711101532
0.42155003547668457
0.5214686393737793
0.5239644050598145
0.6256765127182007
0.6754317879676819
0.5300015211105347
0.45128294825553894
0.4700325131416321
0.5371711850166321
0.48545166850090027
0.3883075714111328
0.6317869424819946
0.6728352308273315
0.39965298771858215
0.6181054711341858
0.44820162653923035
0.6259062886238098
0.5432037115097046
0.5789490938186646
0.5937260985374451
0.43854430317878723
0.4839951694011688
0.5895598530769348
0.7453805208206177
0.6516356468200684
0.6219184398651123
0.5026534795761108
0.5920689105987549
0.5862592458724976
0.4286733567714691
0.537473201751709
0.47484859824180603
0.4753161668777466
0.6340168714523315
0.35862240195274353
0.4971822500228882
0.5298651456832886
0.5506483912467957
0.5682580471038818
0.5060433745384216
0.5923466086387634
0.5266416668891907
0.6131501793861389
0.5822413563728333
0.5608322024345398
0.6080807447433472
0.5781163573265076
0.5588704943656921
0.8144201040267944
0.716876745223999
0.7970554232597351
0.6814616918563843
0.6229095458984375
0.7625329494476318
0.48742786049842834
0.4376848340034485
0.5595298409461975
0.4563369154930115
0.5536319613456726
0.8208339810371399
0.8190301060676575
0.8364512920379639
0.5971068739891052
0.8075332641601562
0.6517111659049988
0.7909664511680603
0.7279677391052246
0.7458046078681946
0.5555246472358704
0.6667669415473938
0.7784989476203918
0.7298476696014404
0.5709738731384277
0.5062634944915771
0.8472285270690918
0.8117475509643555
0.8397573232650757
0.8367427587509155
0.7757479548454285
0.8371505737304688
0.7071365714073181
0.7103984355926514
0.6734896898269653
0.7173457145690918
0.6869778633117676
0.7369853854179382
