34
0.3129641115665436
0.24052496254444122
0.21830840408802032
0.19556771218776703
0.22896401584148407
0.19640642404556274
0.09665568172931671
0.23168505728244781
0.20340634882450104
0.08676079660654068
0.19393660128116608
0.1644120067358017
0.06812029331922531
0.17832951247692108
0.147257000207901
0.42988094687461853
0.26107606291770935
0.8297364115715027
0.815697968006134
0.17679892480373383
0.38281989097595215
0.5460010170936584
0.42180687189102173
0.6287134289741516
0.6061418056488037
0.47338250279426575
0.484142541885376
0.5634581446647644
0.5802042484283447
0.551728367805481
0.5214575529098511
0.44318535923957825
0.8017646074295044
0.7983206510543823
