105
0.30838099122047424
0.07308001816272736
0.13157963752746582
0.10830903053283691
0.1838447004556656
0.5126352310180664
0.09072865545749664
0.3493240177631378
0.17492245137691498
0.07946315407752991
0.09884133189916611
0.1678791046142578
0.23883050680160522
0.08400078862905502
0.13248084485530853
0.10327381640672684
0.1434953659772873
0.3200460374355316
0.07639666646718979
0.07198496907949448
0.17069685459136963
0.1704140156507492
0.1860879510641098
0.17653867602348328
0.18326568603515625
0.18984651565551758
0.17951060831546783
0.1861412674188614
0.19020800292491913
0.8065023422241211
0.7668290138244629
0.8504816293716431
0.7777692675590515
0.8475117087364197
0.14353510737419128
0.13927175104618073
0.14331291615962982
0.23371027410030365
0.6922218799591064
0.4948246479034424
0.5932362675666809
0.6857253313064575
0.6020903587341309
0.67922443151474
0.6040652394294739
0.496261864900589
0.3099035620689392
0.4901658296585083
0.5395211577415466
0.6628047227859497
0.5104913711547852
0.5668242573738098
0.5936729311943054
0.5970770716667175
0.5130296349525452
0.24860462546348572
0.4877534508705139
0.5136483907699585
0.3878401517868042
0.4369215965270996
0.521406888961792
0.554377019405365
0.5522898435592651
0.3532044291496277
0.4807717800140381
0.33760881423950195
0.4021642804145813
0.3481058180332184
0.5921087265014648
0.5715147852897644
0.5094248056411743
0.37512847781181335
0.5109837651252747
0.3571973443031311
0.4289301633834839
0.37298616766929626
0.6189417839050293
0.5818434953689575
0.3416072726249695
0.6203616857528687
0.3513447344303131
0.5717286467552185
0.46040526032447815
0.43857434391975403
0.5662165284156799
0.3551466166973114
0.4132305681705475
0.36339497566223145
0.5843977928161621
0.5556286573410034
0.34939825534820557
0.4061689078807831
0.35761013627052307
0.5757830142974854
0.4220340847969055
0.628515899181366
0.5872918367385864
0.5763384103775024
0.8426781296730042
0.8208248019218445
0.8356012105941772
0.8005539178848267
0.8167796730995178
0.8408175706863403
0.6951240301132202
