69
0.12377089262008667
0.11108008772134781
0.12286513298749924
0.09478672593832016
0.339775413274765
0.2278374284505844
0.24479883909225464
0.11463308334350586
0.08978549391031265
0.3062775433063507
0.10448084026575089
0.2086789608001709
0.20963187515735626
0.11118219792842865
0.131368026137352
0.07338861376047134
0.10121122002601624
0.06704825907945633
0.3031371533870697
0.16299226880073547
0.19991090893745422
0.09644149243831635
0.10528168827295303
0.12275650352239609
0.43993327021598816
0.2576059401035309
0.2568153142929077
0.4370596408843994
0.2837175130844116
0.20464646816253662
0.4157819151878357
0.22722508013248444
0.4211551249027252
0.42855021357536316
0.8284729719161987
0.3904087543487549
0.4241746664047241
0.24893663823604584
0.4510617256164551
0.26787135004997253
0.5116916298866272
0.41265079379081726
0.5998185276985168
0.5438951253890991
0.5759563446044922
0.6953831911087036
0.5789984464645386
0.4090016484260559
0.7152241468429565
0.5787190198898315
0.6392568349838257
0.5186202526092529
0.5931752920150757
0.7084318399429321
0.5589398145675659
0.3809152841567993
0.7160579562187195
0.5639330744743347
0.5555649995803833
0.23642423748970032
0.39696529507637024
0.3610347807407379
0.30924153327941895
0.4957393705844879
0.4798719584941864
0.5587723255157471
0.8435138463973999
0.7350005507469177
0.8325784206390381
