28
0.07539057731628418
0.14379340410232544
0.14323289692401886
0.07390514016151428
0.0668315589427948
0.1608772575855255
0.13253027200698853
0.1290598064661026
0.06574340909719467
0.3114399015903473
0.7959883809089661
0.8504679799079895
0.3172570765018463
0.5061905980110168
0.5155386328697205
0.5158752202987671
0.5064027905464172
0.47472918033599854
0.5240135788917542
0.6459012627601624
0.5835275650024414
0.5329880118370056
0.6002026200294495
0.3851580321788788
0.5152610540390015
0.43931442499160767
0.38944947719573975
0.8253598213195801
