80
0.18575820326805115
0.15034367144107819
0.18713754415512085
0.1518574357032776
0.16297005116939545
0.2036028653383255
0.17239618301391602
0.19984856247901917
0.45277461409568787
0.1547965556383133
0.3015740215778351
0.27098438143730164
0.08771687746047974
0.3763815760612488
0.1057000532746315
0.09364209324121475
0.13019128143787384
0.10938956588506699
0.1354125291109085
0.1135830506682396
0.1452491134405136
0.13018983602523804
0.11362487077713013
0.13209034502506256
0.2810991406440735
0.20285436511039734
0.07447704672813416
0.3139934539794922
0.11978768557310104
0.14299353957176208
0.19929169118404388
0.19747500121593475
0.5205563306808472
0.17971205711364746
0.5021917223930359
0.16741585731506348
0.3496863543987274
0.24400824308395386
0.235749751329422
0.23441047966480255
0.8415889739990234
0.8249757885932922
0.20088724792003632
0.49950024485588074
0.2153676599264145
0.5442168712615967
0.20741507411003113
0.22955921292304993
0.4002843499183655
0.24865694344043732
0.30539411306381226
0.5614884495735168
0.42929553985595703
0.653281033039093
0.636896014213562
0.589256227016449
0.5957332849502563
0.4346434473991394
0.6104824542999268
0.6341849565505981
0.5019862055778503
0.5103563070297241
0.5050190687179565
0.43038374185562134
0.497139036655426
0.5490915179252625
0.4728187322616577
0.4891159236431122
0.5570213198661804
0.39416298270225525
0.5651065111160278
0.8003466725349426
0.4725215435028076
0.4451250731945038
0.44163966178894043
0.5787341594696045
0.4280110001564026
0.38274049758911133
0.8451603055000305
0.7942808270454407
