81
0.07767894864082336
0.08108389377593994
0.11196240037679672
0.0794248953461647
0.15265478193759918
0.20567040145397186
0.49982792139053345
0.500423789024353
0.13249625265598297
0.13310988247394562
0.3718271553516388
0.13798363506793976
0.39675888419151306
0.10556074231863022
0.1451665610074997
0.12907932698726654
0.11255312711000443
0.09196192026138306
0.07837273925542831
0.09663885086774826
0.06773056089878082
0.1101745218038559
0.10434486716985703
0.3665560781955719
0.1281418800354004
0.08487274497747421
0.07096082717180252
0.22758054733276367
0.43083494901657104
0.4605598747730255
0.45820534229278564
0.233533576130867
0.19881853461265564
0.8303350806236267
0.843280017375946
0.8418759703636169
0.7336254715919495
0.8255845904350281
0.2685639262199402
0.4271821677684784
0.470155268907547
0.5531782507896423
0.7552046775817871
0.2320190966129303
0.23702238500118256
0.5680333375930786
0.5517784357070923
0.5965290665626526
0.5586215853691101
0.4926413297653198
0.7829264402389526
0.8083347082138062
0.5048236846923828
0.5451922416687012
0.48251819610595703
0.5599722862243652
0.5911892056465149
0.6150561571121216
0.6193894147872925
0.4643884599208832
0.5937514305114746
0.4398666024208069
0.46767187118530273
0.5466359257698059
0.5412347316741943
0.5786839127540588
0.5734611749649048
0.26077601313591003
0.5239550471305847
0.4507313370704651
0.494877427816391
0.5127860903739929
0.8201325535774231
0.8168662786483765
0.5961973667144775
0.5627480149269104
0.5735507607460022
0.41145390272140503
0.8331701755523682
0.8359943628311157
0.8427367806434631
