78
0.22523446381092072
0.30414602160453796
0.2723771333694458
0.29880955815315247
0.3055126368999481
0.2699505686759949
0.3021574020385742
0.36546555161476135
0.24532821774482727
0.29515135288238525
0.1678912192583084
0.1772318184375763
0.2802765667438507
0.27428364753723145
0.15536555647850037
0.33626997470855713
0.18073517084121704
0.2809332311153412
0.27966126799583435
0.28447383642196655
0.3020365238189697
0.5637081861495972
0.18847066164016724
0.600551426410675
0.21811656653881073
0.2619178891181946
0.5594388842582703
0.18367697298526764
0.5677662491798401
0.20250993967056274
0.4528760612010956
0.822368860244751
0.8076032996177673
0.7386637926101685
0.5711570382118225
0.20389914512634277
0.23177655041217804
0.6013191342353821
0.22669291496276855
0.2720654010772705
0.5190228223800659
0.1814366728067398
0.6139509081840515
0.2285851538181305
0.40961161255836487
0.5584354400634766
0.5418665409088135
0.7068110108375549
0.5595818758010864
0.6446904540061951
0.5126147270202637
0.7002992033958435
0.6270605325698853
0.7274231910705566
0.6481193900108337
0.5444693565368652
0.6750158071517944
0.5505295991897583
0.6401026248931885
0.4603578746318817
0.6149845123291016
0.49887222051620483
0.732794463634491
0.6525644659996033
0.4412299394607544
0.4015101194381714
0.5402239561080933
0.8145554661750793
0.7859790325164795
0.552203893661499
0.3145551383495331
0.5435276627540588
0.5274671912193298
0.7404230237007141
0.5484851002693176
0.6970152854919434
0.7041809558868408
0.8254031538963318
