73
0.07219903916120529
0.21596233546733856
0.17705726623535156
0.09389719367027283
0.10365090519189835
0.09568102657794952
0.15060999989509583
0.25149422883987427
0.11358890682458878
0.1021362841129303
0.11832347512245178
0.10066674649715424
0.16023573279380798
0.07638242095708847
0.06437837332487106
0.08710657060146332
0.08419312536716461
0.2673192322254181
0.13036097586154938
0.0808546394109726
0.17854651808738708
0.23707009851932526
0.2334383726119995
0.42194825410842896
0.3989228904247284
0.796988308429718
0.8369853496551514
0.8086990714073181
0.8391088247299194
0.7749185562133789
0.8329706788063049
0.26630160212516785
0.331005334854126
0.43006300926208496
0.5326837301254272
0.47618281841278076
0.4557092785835266
0.5829618573188782
0.5589075088500977
0.6237859725952148
0.6182014346122742
0.5472331047058105
0.5649682283401489
0.650384783744812
0.6619647741317749
0.5673448443412781
0.5541820526123047
0.5012834668159485
0.5294379591941833
0.47594907879829407
0.5927108526229858
0.623279869556427
0.5660004615783691
0.5903565883636475
0.559702455997467
0.5820261836051941
0.5636516809463501
0.6117313504219055
0.5859456062316895
0.5520726442337036
0.45660528540611267
0.5813168287277222
0.4546446204185486
0.5682306885719299
0.5375738739967346
0.5977578163146973
0.532674252986908
0.5556371808052063
0.5110499858856201
0.7794945240020752
0.6768316030502319
0.8032954335212708
0.8275498747825623
