78
0.2506033778190613
0.26345640420913696
0.21396026015281677
0.26434215903282166
0.2167244553565979
0.2173793464899063
0.10073624551296234
0.08325191587209702
0.28249552845954895
0.08811469376087189
0.29382896423339844
0.1057891771197319
0.11320748925209045
0.2631167769432068
0.18331022560596466
0.232787624001503
0.21977290511131287
0.20106251537799835
0.15684692561626434
0.22981742024421692
0.07117458432912827
0.19689437747001648
0.07068193703889847
0.09034502506256104
0.24446718394756317
0.21500664949417114
0.35480958223342896
0.4943486452102661
0.21226827800273895
0.397355854511261
0.36916959285736084
0.21234820783138275
0.22226817905902863
0.7717604637145996
0.8049320578575134
0.7478992342948914
0.7996389269828796
0.24399714171886444
0.3500133752822876
0.5574284791946411
0.39910009503364563
0.24953098595142365
0.38825133442878723
0.6428393721580505
0.4532790184020996
0.23951172828674316
0.2786712348461151
0.4935007095336914
0.7267658114433289
0.5765498876571655
0.572228193283081
0.6959239840507507
0.6950511336326599
0.5430006384849548
0.5606502294540405
0.46445679664611816
0.5140272378921509
0.5146800875663757
0.6755768060684204
0.6918119788169861
0.5256101489067078
0.5994484424591064
0.3925955593585968
0.5776519179344177
0.4888666272163391
0.5458981394767761
0.33091849088668823
0.3980677127838135
0.48422694206237793
0.536128044128418
0.5100985765457153
0.5525612235069275
0.4516070485115051
0.4192664623260498
0.5070034265518188
0.7017249464988708
0.7631532549858093
0.8356170058250427
