65
0.29637330770492554
0.29405108094215393
0.3964810371398926
0.3556702136993408
0.17742301523685455
0.1583971232175827
0.29860666394233704
0.3157578706741333
0.3340471088886261
0.33900800347328186
0.21668298542499542
0.2871708571910858
0.33730655908584595
0.33317434787750244
0.10045329481363297
0.10232322663068771
0.22493743896484375
0.29142487049102783
0.329683393239975
0.2948737144470215
0.333291232585907
0.8325251936912537
0.8445765376091003
0.8234173059463501
0.552640974521637
0.6968710422515869
0.6401785612106323
0.45454663038253784
0.6111298203468323
0.530843198299408
0.6546077132225037
0.5175549387931824
0.5954979062080383
0.7089895009994507
0.582636833190918
0.6036746501922607
0.7153398990631104
0.590411901473999
0.5800250768661499
0.5158987641334534
0.6688433885574341
0.393516480922699
0.5443770885467529
0.5541791319847107
0.6744666695594788
0.5421791672706604
0.5916121006011963
0.7036510109901428
0.574687659740448
0.569543182849884
0.6826233267784119
0.5459250807762146
0.643208384513855
0.5383685827255249
0.4379359185695648
0.5738791823387146
0.6050154566764832
0.5806230902671814
0.8376867175102234
0.8391266465187073
0.8164945840835571
0.828940212726593
0.8093593120574951
0.8193776607513428
0.8140221238136292
