160
0.27221816778182983
0.3107094466686249
0.178289994597435
0.12939642369747162
0.1411018967628479
0.1813536137342453
0.296206533908844
0.29626598954200745
0.301680326461792
0.3575572669506073
0.2555418312549591
0.17165623605251312
0.33601608872413635
0.262570858001709
0.3124505579471588
0.09882648289203644
0.13418546319007874
0.28404974937438965
0.08070704340934753
0.10359319299459457
0.264324814081192
0.09634888172149658
0.10755455493927002
0.09434467554092407
0.19514159858226776
0.25673410296440125
0.26130959391593933
0.28902435302734375
0.26598039269447327
0.2969388961791992
0.2966902256011963
0.17511104047298431
0.5116235017776489
0.5701141953468323
0.05876544862985611
0.05953393876552582
0.3206043839454651
0.07131125032901764
0.3743641972541809
0.24782615900039673
0.39727023243904114
0.18093465268611908
0.8458227515220642
0.7570430636405945
0.622541069984436
0.8288106322288513
0.7976542115211487
0.8393855094909668
0.48532938957214355
0.5873339176177979
0.5865858197212219
0.3051188588142395
0.057310689240694046
0.2702449560165405
0.3951520323753357
0.07339353114366531
0.34866681694984436
0.460938960313797
0.24869637191295624
0.6231354475021362
0.5673388838768005
0.3860100507736206
0.45422691106796265
0.5449506044387817
0.45248425006866455
0.4777393341064453
0.6539940237998962
0.651340126991272
0.4050237834453583
0.6261070370674133
0.5467204451560974
0.44847574830055237
0.35953235626220703
0.4939933717250824
0.5930632948875427
0.4901374876499176
0.40036940574645996
0.5213924050331116
0.6430224180221558
0.7138076424598694
0.5647628307342529
0.6990454196929932
0.6782346367835999
0.7062914371490479
0.5494441986083984
0.3714001774787903
0.3578049838542938
0.42939239740371704
0.3690601885318756
0.6026574969291687
0.6895947456359863
0.6077081561088562
0.4151793420314789
0.6644986867904663
0.5628899931907654
0.46399879455566406
0.3858402669429779
0.5302068591117859
0.43301495909690857
0.40643808245658875
0.5555536150932312
0.6491896510124207
0.5522294044494629
0.4536803066730499
0.36973661184310913
0.524173378944397
0.6253985166549683
0.4175817370414734
0.5573171377182007
0.6413970589637756
0.6361720561981201
0.46253058314323425
0.5953685641288757
0.6209005117416382
0.38096940517425537
0.285536527633667
0.3670633137226105
0.49679476022720337
0.5416082739830017
0.4186080992221832
0.4582199156284332
0.5714017748832703
0.618027925491333
0.3038872182369232
0.34885191917419434
0.3385067284107208
0.6080552339553833
0.32963648438453674
0.5594918727874756
0.6264230012893677
0.298092246055603
0.5238085985183716
0.31511715054512024
0.5450655817985535
0.29048413038253784
0.3032851815223694
0.41810134053230286
0.6548377871513367
0.40057462453842163
0.3197180926799774
0.40470457077026367
0.4060197174549103
0.5302212834358215
0.48444244265556335
0.41499558091163635
0.3585451543331146
0.6180403828620911
0.6154853105545044
0.6981210112571716
0.5108323097229004
0.35408997535705566
0.8433362245559692
0.7408339381217957
0.6274148225784302
0.809579610824585
0.5599919557571411
0.45667046308517456
0.807231605052948
0.7826102375984192
0.8277392387390137
