72
0.07922402769327164
0.08994926512241364
0.13969245553016663
0.08984297513961792
0.1422419548034668
0.15677037835121155
0.15584732592105865
0.16413505375385284
0.10911036282777786
0.14801684021949768
0.08837299048900604
0.1296587884426117
0.19470666348934174
0.08719582855701447
0.149602472782135
0.08215838670730591
0.11874829977750778
0.12180310487747192
0.08668985217809677
0.09607496112585068
0.11857990175485611
0.34245502948760986
0.4385456442832947
0.3720945119857788
0.1861470639705658
0.22116775810718536
0.8208090662956238
0.8318120241165161
0.8409402966499329
0.848128616809845
0.8105465173721313
0.8105704188346863
0.8345322608947754
0.8345670104026794
0.24201981723308563
0.47018560767173767
0.4830416738986969
0.3846050798892975
0.36063021421432495
0.23061498999595642
0.21647222340106964
0.2132745385169983
0.5920911431312561
0.4813632071018219
0.6570080518722534
0.48816511034965515
0.4862572252750397
0.4965786635875702
0.41583162546157837
0.4784284830093384
0.38276684284210205
0.5816648602485657
0.5628830790519714
0.5054376721382141
0.5139105916023254
0.4812707006931305
0.36592936515808105
0.5787926316261292
0.5182176232337952
0.4867740273475647
0.5784401297569275
0.49215471744537354
0.7598130702972412
0.8296699523925781
0.5893661975860596
0.46569517254829407
0.7411200404167175
0.5749102234840393
0.42246878147125244
0.805338978767395
0.8141545653343201
0.8102699518203735
