26
0.20373372733592987
0.08564674854278564
0.1566823571920395
0.08680370450019836
0.07573151588439941
0.07382240891456604
0.17091545462608337
0.16270017623901367
0.06413400173187256
0.44168928265571594
0.4016088545322418
0.32615262269973755
0.8372878432273865
0.3709022104740143
0.47384023666381836
0.3280504643917084
0.5280643105506897
0.5032455325126648
0.6113966703414917
0.5432963967323303
0.5647338628768921
0.48687008023262024
0.4240799844264984
0.770355761051178
0.6678526997566223
0.8233864903450012
