242
0.1004839614033699
0.1733086258172989
0.1607312262058258
0.16388380527496338
0.16167707741260529
0.1648462861776352
0.15940991044044495
0.29417333006858826
0.3829043209552765
0.26388445496559143
0.15686140954494476
0.2141689509153366
0.09703907370567322
0.0972563698887825
0.0746687725186348
0.07484152168035507
0.1288905143737793
0.08386301249265671
0.07874938100576401
0.14504189789295197
0.21395553648471832
0.18889641761779785
0.16619102656841278
0.08650168776512146
0.37832388281822205
0.39677006006240845
0.22470682859420776
0.21045516431331635
0.17462973296642303
0.24434158205986023
0.2064969390630722
0.15906475484371185
0.20422081649303436
0.34053781628608704
0.1273980289697647
0.12654390931129456
0.1782677322626114
0.12686119973659515
0.17859116196632385
0.1501697599887848
0.1059967577457428
0.33740460872650146
0.2003253549337387
0.12396584451198578
0.1243518814444542
0.1360826939344406
0.16941078007221222
0.07552473992109299
0.1868777871131897
0.06669420003890991
0.06954933702945709
0.15952837467193604
0.09062234312295914
0.15148700773715973
0.07110774517059326
0.30918389558792114
0.3409361243247986
0.09513039886951447
0.18613432347774506
0.11570991575717926
0.1134876161813736
0.17276816070079803
0.1406652331352234
0.20282718539237976
0.11043073982000351
0.15979933738708496
0.3049595057964325
0.212552011013031
0.46991443634033203
0.44096899032592773
0.4416409730911255
0.45870664715766907
0.4713114798069
0.468749463558197
0.4001599848270416
0.4027123749256134
0.2906038761138916
0.22977086901664734
0.39787769317626953
0.2770204246044159
0.2961849570274353
0.20994673669338226
0.20683042705059052
0.36769142746925354
0.48336756229400635
0.1872374713420868
0.46386417746543884
0.1050482839345932
0.6036347150802612
0.13511274755001068
0.47390589118003845
0.22891518473625183
0.32683515548706055
0.2310696840286255
0.4780924320220947
0.48311033844947815
0.46308425068855286
0.8506911993026733
0.8403695225715637
0.8360623121261597
0.8361652493476868
0.7858996987342834
0.7863191366195679
0.8256305456161499
0.8452602624893188
0.23949621617794037
0.4653168320655823
0.5114113092422485
0.4666837751865387
0.34066736698150635
0.4778963327407837
0.35877564549446106
0.46514225006103516
0.4674534797668457
0.3414064645767212
0.4786643385887146
0.3595081567764282
0.46602538228034973
0.32949507236480713
0.23741507530212402
0.25287115573883057
0.3906264901161194
0.3262794315814972
0.21192100644111633
0.24773013591766357
0.2059347927570343
0.24066056311130524
0.4688665568828583
0.4661371111869812
0.17799367010593414
0.4852886199951172
0.5238937139511108
0.11485501378774643
0.5869469046592712
0.1356726735830307
0.23861761391162872
0.3209350109100342
0.29860273003578186
0.5313540697097778
0.4918873906135559
0.4965716600418091
0.5392584800720215
0.5388171076774597
0.6196281909942627
0.5394831299781799
0.539053738117218
0.6176541447639465
0.5409778952598572
0.5405588746070862
0.6171692609786987
0.6116437911987305
0.6112666726112366
0.5870125889778137
0.586658239364624
0.6540231704711914
0.614477276802063
0.614096999168396
0.6155418753623962
0.6151023507118225
0.5657588839530945
0.4350148141384125
0.44257867336273193
0.5040581822395325
0.6124281883239746
0.5335655212402344
0.6862905621528625
0.5378473997116089
0.5376635789871216
0.5787004828453064
0.537347674369812
0.5371703505516052
0.5772808790206909
0.4913389980792999
0.4911285936832428
0.5309379696846008
0.5420486330986023
0.5418939590454102
0.5772400498390198
0.5386538505554199
0.4424857795238495
0.5017808079719543
0.3582337498664856
0.5363770127296448
0.4722888767719269
0.6928393840789795
0.6214948296546936
0.6213018894195557
0.5765912532806396
0.6250386238098145
0.7273022532463074
0.5506197810173035
0.5511341691017151
0.47335729002952576
0.5641615986824036
0.574156641960144
0.57203608751297
0.4855041205883026
0.4875563681125641
0.5034598708152771
0.32517096400260925
0.46225836873054504
0.500479519367218
0.5334798097610474
0.47600027918815613
0.4910983443260193
0.3542712330818176
0.49836859107017517
0.7618337869644165
0.5895572900772095
0.4812450706958771
0.43059638142585754
0.6409875750541687
0.4136528968811035
0.7935261726379395
0.45949697494506836
0.5663817524909973
0.7188680768013
0.38998091220855713
0.6365676522254944
0.5097216367721558
0.6723991632461548
0.5248872637748718
0.5501313805580139
0.8252712488174438
0.7534287571907043
0.5708394050598145
0.46142205595970154
0.8325316309928894
0.7503564357757568
0.6913400292396545
0.4927799701690674
0.6885145306587219
0.6123343110084534
0.5813125967979431
0.694233238697052
0.6912681460380554
0.8384278416633606
0.8081319332122803
0.8182060718536377
0.8083436489105225
0.8183960914611816
0.7153477072715759
