89
0.4098275601863861
0.14077867567539215
0.14212201535701752
0.10739248991012573
0.07700339704751968
0.2581387162208557
0.0811351090669632
0.5001941919326782
0.27899324893951416
0.2066602110862732
0.15949678421020508
0.1267469823360443
0.128355011343956
0.3735624849796295
0.2345147579908371
0.1005115881562233
0.11903505772352219
0.08708075433969498
0.08953137695789337
0.07803593575954437
0.07424312084913254
0.22039686143398285
0.1666984260082245
0.0813353955745697
0.11616912484169006
0.3199852705001831
0.219011127948761
0.2135315239429474
0.0933242216706276
0.25658223032951355
0.23802177608013153
0.19885686039924622
0.47451117634773254
0.842276930809021
0.22514259815216064
0.22319330275058746
0.36702805757522583
0.5090470314025879
0.17170804738998413
0.5689480900764465
0.5159100890159607
0.5133581757545471
0.5542160272598267
0.6511602997779846
0.3817962408065796
0.5879697799682617
0.6866360902786255
0.6236163377761841
0.7004076838493347
0.44472435116767883
0.6412237882614136
0.6892842650413513
0.7343720197677612
0.5556512475013733
0.4913378953933716
0.6976578235626221
0.5826900601387024
0.544054388999939
0.5743805766105652
0.4034363329410553
0.615940511226654
0.6846100091934204
0.6061424612998962
0.6846203804016113
0.4394785463809967
0.6666454076766968
0.542493462562561
0.5145792365074158
0.6506510972976685
0.6494369506835938
0.5666995048522949
0.5006574392318726
0.5710636973381042
0.6213328242301941
0.6624314188957214
0.570381224155426
0.5508008003234863
0.5663244724273682
0.8386102914810181
0.8125329613685608
0.8355802893638611
0.7177700400352478
0.6243360638618469
0.7122247219085693
0.8403307199478149
0.7582370638847351
0.7417057752609253
0.7882192730903625
0.8051145076751709
