71
0.2394265979528427
0.15427370369434357
0.11843855679035187
0.10755696892738342
0.1153673306107521
0.3630113899707794
0.3043147027492523
0.10070332884788513
0.3740703761577606
0.33376988768577576
0.27599528431892395
0.29184800386428833
0.3431101143360138
0.33959972858428955
0.07985404133796692
0.20870888233184814
0.0785585567355156
0.07571627199649811
0.1022813469171524
0.24227575957775116
0.17683306336402893
0.22664207220077515
0.29142847657203674
0.32296988368034363
0.6395489573478699
0.28589779138565063
0.42034268379211426
0.15983010828495026
0.4400290250778198
0.2495436668395996
0.18410444259643555
0.2036484181880951
0.19239924848079681
0.23435448110103607
0.46107304096221924
0.8011931777000427
0.5727348327636719
0.23192857205867767
0.4839726984500885
0.24495333433151245
0.25780871510505676
0.21471410989761353
0.4892805814743042
0.45633184909820557
0.5613365173339844
0.4990558624267578
0.7344301342964172
0.7071027159690857
0.7452049255371094
0.7427926063537598
0.5346198081970215
0.7181291580200195
0.6020954251289368
0.503599226474762
0.743200421333313
0.7051756978034973
0.42503687739372253
0.49634161591529846
0.545737087726593
0.6199275851249695
0.35478174686431885
0.5092014074325562
0.7896326780319214
0.3749755620956421
0.5946841239929199
0.5814949870109558
0.71773362159729
0.5314473509788513
0.5714327692985535
0.8234850168228149
0.6480865478515625
