296
0.07513342052698135
0.06507951021194458
0.08468116819858551
0.09122344106435776
0.149495467543602
0.21687008440494537
0.11467093229293823
0.09726212918758392
0.07322555035352707
0.11879216134548187
0.2109590619802475
0.07696810364723206
0.19384492933750153
0.29387742280960083
0.09932196885347366
0.13468599319458008
0.27372127771377563
0.179252490401268
0.2419186383485794
0.10554845631122589
0.316891074180603
0.35598766803741455
0.1637466698884964
0.11470970511436462
0.16154465079307556
0.3293182849884033
0.07207531481981277
0.2436063438653946
0.09277208894491196
0.20508940517902374
0.22571758925914764
0.11870148032903671
0.25312191247940063
0.3149903118610382
0.0946476012468338
0.23460653424263
0.1381719410419464
0.20201505720615387
0.12177960574626923
0.21947573125362396
0.13039015233516693
0.3144926130771637
0.326912522315979
0.40245890617370605
0.36597931385040283
0.3988957703113556
0.37021303176879883
0.23446431756019592
0.09990894794464111
0.1179976537823677
0.23923322558403015
0.23560741543769836
0.07273897528648376
0.10907924175262451
0.09550373256206512
0.10945945978164673
0.3064766824245453
0.39210933446884155
0.06567766517400742
0.1301971822977066
0.16147305071353912
0.07902178913354874
0.057970330119132996
0.11227097362279892
0.06514059752225876
0.172393336892128
0.2570319175720215
0.06982988119125366
0.15628746151924133
0.2607625722885132
0.11444185674190521
0.12227058410644531
0.15747781097888947
0.11445624381303787
0.2859005630016327
0.29137659072875977
0.08676359057426453
0.07307355850934982
0.08220409601926804
0.13578380644321442
0.20502673089504242
0.07069885730743408
0.17895446717739105
0.28205788135528564
0.10852282494306564
0.07923717796802521
0.12050766497850418
0.08732975274324417
0.17462433874607086
0.14344236254692078
0.07096172124147415
0.07724112272262573
0.15264950692653656
0.10920523852109909
0.15176932513713837
0.10226161777973175
0.11156129837036133
0.26759815216064453
0.5275346040725708
0.40832844376564026
0.2233869433403015
0.4338970482349396
0.2733532190322876
0.48297369480133057
0.4189026653766632
0.18039464950561523
0.26937955617904663
0.3034301996231079
0.1666468232870102
0.17623578011989594
0.46196457743644714
0.08570624887943268
0.09455405175685883
0.48877933621406555
0.39649465680122375
0.38942280411720276
0.16195252537727356
0.34409141540527344
0.7490276098251343
0.8383665084838867
0.8376448154449463
0.5154231190681458
0.7953689098358154
0.795389711856842
0.34550991654396057
0.7689710259437561
0.8472445607185364
0.7741439342498779
0.7942335605621338
0.8386383056640625
0.5706591010093689
0.5875732898712158
0.5431805849075317
0.3335212469100952
0.4386899471282959
0.25226181745529175
0.46483728289604187
0.3581085503101349
0.5729549527168274
0.448401540517807
0.23275625705718994
0.37316077947616577
0.3154909312725067
0.17268329858779907
0.18487431108951569
0.4739307165145874
0.0921379029750824
0.45274031162261963
0.10621357709169388
0.532755970954895
0.52260822057724
0.43626707792282104
0.4402887225151062
0.44262969493865967
0.2480623722076416
0.3393308222293854
0.18588566780090332
0.37876105308532715
0.3956100046634674
0.5437548160552979
0.5809563994407654
0.5961662530899048
0.5718986988067627
0.595872700214386
0.6771486401557922
0.4909965991973877
0.5262802243232727
0.5385546684265137
0.5703830718994141
0.718878984451294
0.4751667380332947
0.542556643486023
0.46075454354286194
0.5380807518959045
0.5751885175704956
0.6534398794174194
0.6198493838310242
0.3737587332725525
0.37498247623443604
0.7056016325950623
0.519080400466919
0.5389954447746277
0.6024560928344727
0.6282901167869568
0.7432788014411926
0.7594908475875854
0.6772168278694153
0.7030505537986755
0.710796058177948
0.4712966978549957
0.643455445766449
0.42594167590141296
0.5919156670570374
0.5741764903068542
0.6256727576255798
0.5571101307868958
0.609622597694397
0.6878662109375
0.7246847152709961
0.5850604772567749
0.6015031933784485
0.5382763743400574
0.5711244344711304
0.6609868407249451
0.4342026710510254
0.4747072458267212
0.47468066215515137
0.5115140080451965
0.6737264394760132
0.6005116105079651
0.5523719787597656
0.6134940981864929
0.5454190969467163
0.3166607916355133
0.3660861551761627
0.6709349751472473
0.5359137654304504
0.5614596009254456
0.6846997141838074
0.579220712184906
0.6073041558265686
0.46896204352378845
0.6532515287399292
0.42747774720191956
0.5928656458854675
0.5392998456954956
0.5981436371803284
0.4946731626987457
0.5527771711349487
0.3208869993686676
0.6326638460159302
0.6918910145759583
0.5809178352355957
0.6570042371749878
0.22627463936805725
0.47733989357948303
0.5597919225692749
0.2722182273864746
0.5081724524497986
0.5824768543243408
0.6402120590209961
0.6957156658172607
0.5852944254875183
0.6569634079933167
0.5829834342002869
0.583001971244812
0.4519149363040924
0.25491780042648315
0.6643239855766296
0.5661606192588806
0.4532332122325897
0.2364363968372345
0.4719904065132141
0.4366747736930847
0.5819675922393799
0.5157103538513184
0.56147700548172
0.3933330774307251
0.5073334574699402
0.24816381931304932
0.5322824716567993
0.4362713098526001
0.5572006106376648
0.27101871371269226
0.5139129757881165
0.47304487228393555
0.40496692061424255
0.3285589814186096
0.40932315587997437
0.5267508029937744
0.35550612211227417
0.6577734351158142
0.5290935635566711
0.514401376247406
0.8092041015625
0.721501886844635
0.3847862482070923
0.5446450114250183
0.6396424770355225
0.4959033131599426
0.5000927448272705
0.40298283100128174
0.49054884910583496
0.7700173258781433
0.682748019695282
0.8473836779594421
0.8403512239456177
0.8219042420387268
0.8308917284011841
0.8327058553695679
0.8423808813095093
0.7942657470703125
0.8271245360374451
0.837226927280426
0.831601083278656
0.8439273834228516
