138
0.3746468424797058
0.34321317076683044
0.35375404357910156
0.08411110937595367
0.07037472724914551
0.10675898939371109
0.1609867960214615
0.17281191051006317
0.07151327282190323
0.16509900987148285
0.326529860496521
0.1776796579360962
0.23259201645851135
0.10192032903432846
0.11745432019233704
0.1410771608352661
0.19177208840847015
0.20136581361293793
0.18852458894252777
0.19776248931884766
0.10820844024419785
0.11158045381307602
0.35083243250846863
0.06622187048196793
0.0787404328584671
0.09235212206840515
0.16920708119869232
0.13142870366573334
0.08007083088159561
0.11917413026094437
0.2880721986293793
0.10770086944103241
0.1875346302986145
0.09790028631687164
0.12032228708267212
0.13212603330612183
0.14717364311218262
0.16028790175914764
0.14808492362499237
0.16102594137191772
0.13138224184513092
0.0694713369011879
0.07710821181535721
0.36242958903312683
0.48806527256965637
0.3310629427433014
0.198802188038826
0.26976126432418823
0.19565436244010925
0.2529127299785614
0.22723014652729034
0.24367134273052216
0.8136577010154724
0.8508948087692261
0.8254285454750061
0.8262647390365601
0.8381358981132507
0.8380813002586365
0.4042099416255951
0.4907131493091583
0.3794700801372528
0.2406233698129654
0.3095829486846924
0.2770443558692932
0.2382643222808838
0.272683322429657
0.2730166018009186
0.2749108672142029
0.537333607673645
0.4799218773841858
0.48532411456108093
0.49028661847114563
0.5455254316329956
0.6932118535041809
0.7288922071456909
0.5712374448776245
0.7075845003128052
0.5571393966674805
0.5894180536270142
0.6161011457443237
0.6494042277336121
0.6426876783370972
0.5563563108444214
0.4313054084777832
0.5580710172653198
0.5518262982368469
0.4534660279750824
0.4591265320777893
0.5132152438163757
0.5720070600509644
0.6191287636756897
0.6784255504608154
0.6338530778884888
0.6888888478279114
0.557485818862915
0.5186516642570496
0.5568272471427917
0.5994557738304138
0.6151905655860901
0.4833860397338867
0.5944702625274658
0.5781135559082031
0.5231846570968628
0.4804554581642151
0.561593770980835
0.5519325733184814
0.555453896522522
0.39629852771759033
0.4366289973258972
0.5811330676078796
0.5811538100242615
0.590093731880188
0.592625081539154
0.4776262938976288
0.6018330454826355
0.6037922501564026
0.578139066696167
0.5425490736961365
0.6263869404792786
0.5085970759391785
0.5046693682670593
0.5050313472747803
0.5755620002746582
0.589928150177002
0.3001238703727722
0.3631042242050171
0.4917217493057251
0.4921451508998871
0.3874659240245819
0.7973397374153137
0.8400417566299438
0.7807478904724121
0.8336580395698547
0.7910521626472473
0.6556922197341919
0.8384349346160889
0.8212107419967651
0.7686060667037964
