275
0.1798311471939087
0.2954333424568176
0.1464887261390686
0.24355964362621307
0.4200805127620697
0.3603372573852539
0.32604917883872986
0.1743684858083725
0.1765902042388916
0.13659149408340454
0.16958671808242798
0.27496129274368286
0.24319621920585632
0.16043847799301147
0.3121074140071869
0.4492652416229248
0.3157610595226288
0.33139774203300476
0.29901134967803955
0.0652351975440979
0.17726166546344757
0.13607630133628845
0.11890514940023422
0.15035250782966614
0.13021160662174225
0.12565813958644867
0.3951362669467926
0.06414847075939178
0.1779615432024002
0.2440272867679596
0.13468387722969055
0.27925097942352295
0.29507359862327576
0.27519771456718445
0.3136458992958069
0.13721060752868652
0.1461774706840515
0.1446838229894638
0.15415677428245544
0.15710489451885223
0.32761141657829285
0.22277985513210297
0.24788491427898407
0.13437774777412415
0.2861814796924591
0.11817007511854172
0.08547265082597733
0.23942895233631134
0.3650917410850525
0.3543788492679596
0.10251778364181519
0.11179928481578827
0.09627976268529892
0.1163593977689743
0.09981372207403183
0.1014387458562851
0.47344210743904114
0.6567916870117188
0.2789542078971863
0.21468542516231537
0.2569369077682495
0.20806680619716644
0.2413986474275589
0.13678856194019318
0.20400722324848175
0.35678404569625854
0.19772298634052277
0.24561192095279694
0.25784409046173096
0.20757995545864105
0.3725799322128296
0.168255016207695
0.2627555727958679
0.41572076082229614
0.24972841143608093
0.387349396944046
0.20010606944561005
0.17068979144096375
0.30994683504104614
0.13936243951320648
0.1850675344467163
0.3424500823020935
0.15044690668582916
0.46126896142959595
0.23525689542293549
0.4069414436817169
0.4063343405723572
0.18080203235149384
0.19793416559696198
0.2350226193666458
0.23918521404266357
0.1703728884458542
0.18614357709884644
0.2183472067117691
0.22214360535144806
0.17213553190231323
0.18788182735443115
0.21749679744243622
0.22119911015033722
0.48559483885765076
0.8432075381278992
0.8413419723510742
0.832064688205719
0.8343627452850342
0.8331201076507568
0.792923629283905
0.7924458384513855
0.8287386894226074
0.8272603154182434
0.822708010673523
0.7995256781578064
0.8402186036109924
0.6073412299156189
0.5275182723999023
0.6615423560142517
0.30409327149391174
0.2242104560136795
0.3331999182701111
0.1750478595495224
0.24034427106380463
0.30204859375953674
0.1631815880537033
0.22986875474452972
0.45396512746810913
0.2512163817882538
0.2873908281326294
0.36465635895729065
0.28083088994026184
0.4546290636062622
0.29381588101387024
0.4434952139854431
0.23526468873023987
0.3580491542816162
0.1927722543478012
0.1999204307794571
0.3464224934577942
0.1607058048248291
0.43595173954963684
0.23002518713474274
0.5043715834617615
0.4825262129306793
0.4496240019798279
0.48523563146591187
0.5647448897361755
0.5706678628921509
0.17839157581329346
0.19470973312854767
0.23172780871391296
0.23574058711528778
0.19542871415615082
0.19226928055286407
0.21007458865642548
0.24941138923168182
0.2537139356136322
0.20555932819843292
0.2244625985622406
0.26458194851875305
0.26905301213264465
0.4740537703037262
0.5001897811889648
0.7161383032798767
0.43997716903686523
0.5397398471832275
0.5589812994003296
0.5424647927284241
0.38575804233551025
0.48139387369155884
0.4910339415073395
0.590631902217865
0.6131580471992493
0.59096759557724
0.5687417387962341
0.6035705208778381
0.6767697930335999
0.6202635765075684
0.4442121386528015
0.4430520236492157
0.5551721453666687
0.5083415508270264
0.605804979801178
0.4382205009460449
0.5414816737174988
0.578825831413269
0.41907551884651184
0.5193237662315369
0.5651952028274536
0.4974019229412079
0.5476890206336975
0.5265606641769409
0.6460726857185364
0.6220664381980896
0.6271932125091553
0.6496551036834717
0.5472550392150879
0.5524890422821045
0.5603740811347961
0.5854639410972595
0.5774657726287842
0.4962023198604584
0.5336845517158508
0.5406302809715271
0.5809339284896851
0.5734338760375977
0.47471171617507935
0.5144310593605042
0.5205766558647156
0.5698863863945007
0.5628755688667297
0.4558107554912567
0.6022902131080627
0.633171021938324
0.626753568649292
0.5367256999015808
0.6433020234107971
0.47214972972869873
0.47215914726257324
0.6605987548828125
0.4808637201786041
0.4808428883552551
0.6267591118812561
0.43934255838394165
0.439308226108551
0.5737848877906799
0.3856579065322876
0.38563957810401917
0.6170656085014343
0.43909257650375366
0.4390963912010193
0.6983518004417419
0.5315650701522827
0.5315539836883545
0.5327211022377014
0.532487154006958
0.4484756588935852
0.43604040145874023
0.4613569378852844
0.43336766958236694
0.5750176310539246
0.43493273854255676
0.4830653667449951
0.5554690361022949
0.5735198855400085
0.8117663264274597
0.6535966396331787
0.6535740494728088
0.4506877064704895
0.4506535828113556
0.7079761624336243
0.4573628902435303
0.6563427448272705
0.5683167576789856
0.6852908134460449
0.7827410697937012
0.7047253847122192
0.5504665970802307
0.55045485496521
0.467899352312088
0.36475735902786255
0.5663743615150452
0.5663524866104126
0.4927564561367035
0.3888639211654663
0.4320595860481262
0.5082510113716125
0.5081686973571777
0.5101696252822876
0.4386465847492218
0.5090468525886536
0.5089631080627441
0.5127457976341248
0.4423927366733551
0.30762964487075806
0.8110744953155518
0.7844601273536682
0.8196135759353638
