156
0.09099823236465454
0.08517053723335266
0.12125924974679947
0.09379689395427704
0.13277406990528107
0.10745782405138016
0.0978766530752182
0.06474960595369339
0.10192634910345078
0.10059862583875656
0.10672979801893234
0.22377866506576538
0.10684051364660263
0.1510009616613388
0.207786425948143
0.07437706738710403
0.16950882971286774
0.12397325783967972
0.07649848610162735
0.13108789920806885
0.08018043637275696
0.08447995036840439
0.08046946674585342
0.08831147849559784
0.07295031100511551
0.0896838828921318
0.1377597153186798
0.07543317973613739
0.13336774706840515
0.07488880306482315
0.08415365219116211
0.16006126999855042
0.13464704155921936
0.134461909532547
0.3620610237121582
0.36700960993766785
0.3892762064933777
0.39445051550865173
0.22818444669246674
0.2535059452056885
0.22940729558467865
0.22795531153678894
0.2588942050933838
0.11209087073802948
0.34269487857818604
0.4004497230052948
0.1981653869152069
0.2111591100692749
0.3860578238964081
0.23040853440761566
0.8240453004837036
0.7754488587379456
0.8451531529426575
0.8387250304222107
0.6608259677886963
0.7873364686965942
0.7212417721748352
0.8274060487747192
0.382746160030365
0.38783028721809387
0.4081512689590454
0.4133729934692383
0.19662898778915405
0.21819861233234406
0.22280478477478027
0.24734072387218475
0.3533192574977875
0.22144345939159393
0.3650023639202118
0.35089394450187683
0.24225853383541107
0.12520147860050201
0.3860425353050232
0.44823428988456726
0.22084377706050873
0.2514466941356659
0.36211755871772766
0.3334149420261383
0.44548317790031433
0.46384331583976746
0.24349507689476013
0.5606297850608826
0.5975387692451477
0.5851231217384338
0.5576646327972412
0.6805872321128845
0.6571096181869507
0.5837645530700684
0.6270727515220642
0.5302671194076538
0.6065726280212402
0.5381211042404175
0.5422822833061218
0.5734596848487854
0.5028814673423767
0.6588044166564941
0.3748762011528015
0.5280616879463196
0.5865818858146667
0.5819791555404663
0.6600269079208374
0.6494529247283936
0.5613911151885986
0.668271541595459
0.566676139831543
0.6459428071975708
0.5785446166992188
0.49897053837776184
0.5963788032531738
0.3670922815799713
0.4859248399734497
0.5731703042984009
0.5540004968643188
0.645444929599762
0.5390299558639526
0.6383959054946899
0.44654154777526855
0.5442501306533813
0.6061946749687195
0.3881348669528961
0.5847129225730896
0.579404890537262
0.43844571709632874
0.530436098575592
0.5642720460891724
0.5081589818000793
0.49590829014778137
0.37789779901504517
0.3562035858631134
0.4337720274925232
0.4747326672077179
0.5759897232055664
0.4800904095172882
0.6040907502174377
0.8436246514320374
0.8119480609893799
0.45929279923439026
0.2919260263442993
0.47381851077079773
0.5027947425842285
0.6071322560310364
0.43685096502304077
0.4383050501346588
0.589564859867096
0.5728534460067749
0.7548523545265198
0.3430015444755554
0.4342232942581177
0.8401309251785278
0.8452252745628357
0.7891366481781006
0.8164388537406921
0.7298328280448914
0.6824911832809448
0.837512731552124
0.7901012301445007
