127
0.0945705696940422
0.14870986342430115
0.1783457100391388
0.17892353236675262
0.1494102030992508
0.17916257679462433
0.17974185943603516
0.3649027943611145
0.301833838224411
0.0773964449763298
0.08233306556940079
0.2246936857700348
0.269780695438385
0.22039794921875
0.2795228660106659
0.24097110331058502
0.12986120581626892
0.1932547688484192
0.1306636780500412
0.160249724984169
0.29590827226638794
0.2952940762042999
0.12394216656684875
0.1958097517490387
0.11936033517122269
0.1858639419078827
0.1455688327550888
0.18582461774349213
0.3197142779827118
0.15089890360832214
0.30603623390197754
0.08084230870008469
0.25683119893074036
0.1545853614807129
0.13716311752796173
0.16293585300445557
0.1312382072210312
0.157487154006958
0.15911202132701874
0.18402652442455292
0.16395118832588196
0.08197984099388123
0.0994274839758873
0.12750928103923798
0.10833331942558289
0.18640169501304626
0.1824146807193756
0.1888265758752823
0.18682880699634552
0.4780348837375641
0.21167641878128052
0.8426001667976379
0.8504229187965393
0.8241640329360962
0.7612383365631104
0.7348852157592773
0.8031258583068848
0.7838242053985596
0.19939181208610535
0.2568809986114502
0.23939014971256256
0.5028076171875
0.2548143267631531
0.7883018255233765
0.7879698276519775
0.7482640743255615
0.621557354927063
0.5112699270248413
0.7291067838668823
0.6811641454696655
0.45140862464904785
0.707464337348938
0.6498277187347412
0.4178490936756134
0.7072202563285828
0.6498674750328064
0.41770121455192566
0.5166165232658386
0.6004325747489929
0.5633753538131714
0.5456032156944275
0.5070198774337769
0.6626981496810913
0.6295090913772583
0.48225224018096924
0.4447077810764313
0.34455931186676025
0.6969091892242432
0.661903977394104
0.43111827969551086
0.6783706545829773
0.6347565650939941
0.40261316299438477
0.7908732295036316
0.6435080766677856
0.5905410647392273
0.3641306161880493
0.47568953037261963
0.5907464027404785
0.5541396141052246
0.6614325642585754
0.6263554692268372
0.354387104511261
0.45802295207977295
0.5032926797866821
0.4650580883026123
0.6435863971710205
0.4113287925720215
0.5691739916801453
0.44420745968818665
0.4765317142009735
0.4649544060230255
0.4526439607143402
0.5380027294158936
0.5212448835372925
0.5665867328643799
0.5415714979171753
0.49580955505371094
0.3728794455528259
0.5086401700973511
0.5263490676879883
0.7721081972122192
0.46060267090797424
0.8145594000816345
0.6132402420043945
0.7700560092926025
0.842616081237793
