142
0.2129717916250229
0.43040353059768677
0.1887737214565277
0.264660507440567
0.23740068078041077
0.3012585937976837
0.3029417395591736
0.2584189474582672
0.3427349030971527
0.2764589190483093
0.211442768573761
0.13064491748809814
0.38722991943359375
0.29514020681381226
0.3015487790107727
0.2948645055294037
0.29748329520225525
0.14724135398864746
0.34795257449150085
0.10549842566251755
0.2415236234664917
0.10957648605108261
0.24714164435863495
0.3034052848815918
0.23683466017246246
0.2901911437511444
0.1537352353334427
0.09688062220811844
0.07669048756361008
0.3162062466144562
0.11478970944881439
0.16102272272109985
0.3327001929283142
0.34520167112350464
0.1745476871728897
0.23995035886764526
0.6355207562446594
0.3844299018383026
0.5675287246704102
0.3037688434123993
0.6263865828514099
0.3538844585418701
0.27773258090019226
0.5089288353919983
0.25019896030426025
0.1303790807723999
0.5471985340118408
0.18404218554496765
0.2402137964963913
0.192476287484169
0.42873629927635193
0.4408675730228424
0.810865044593811
0.5530300140380859
0.7321156859397888
0.6633576154708862
0.7984459400177002
0.8197447657585144
0.8029127717018127
0.7909385561943054
0.8312104940414429
0.198660746216774
0.5602260828018188
0.24177372455596924
0.6641583442687988
0.42452284693717957
0.6553325057029724
0.3969946503639221
0.2558055818080902
0.4879390001296997
0.6378201246261597
0.3740975856781006
0.24257683753967285
0.4324294924736023
0.3728448152542114
0.5025568604469299
0.5476397275924683
0.1934717893600464
0.295778751373291
0.28335079550743103
0.5712599158287048
0.5380600690841675
0.48114538192749023
0.4609442353248596
0.5554709434509277
0.7377721071243286
0.5284260511398315
0.6237056851387024
0.7471770644187927
0.5197709202766418
0.5878375172615051
0.742687463760376
0.5009226202964783
0.5616064071655273
0.6554123759269714
0.5753494501113892
0.673880398273468
0.7209659814834595
0.4895080327987671
0.7133188843727112
0.4240874648094177
0.7424890398979187
0.4843733310699463
0.5486084818840027
0.608394980430603
0.6741671562194824
0.5098228454589844
0.5391470193862915
0.5657161474227905
0.45580461621284485
0.5162156224250793
0.6551859378814697
0.6503890156745911
0.5639063715934753
0.6106986999511719
0.5289515852928162
0.6937858462333679
0.5393764972686768
0.6092965006828308
0.5467401146888733
0.5427566170692444
0.48277580738067627
0.7334514260292053
0.6323134303092957
0.7543116211891174
0.7497473955154419
0.7052593231201172
0.8282729983329773
0.5510991215705872
0.77562415599823
0.6373614072799683
0.5556361675262451
0.6304523944854736
0.3250783085823059
0.21320483088493347
0.5309550762176514
0.762469470500946
0.7950345873832703
0.6786184906959534
0.8037150502204895
0.8048585653305054
0.8281505703926086
