82
0.09023179113864899
0.17834176123142242
0.11331968009471893
0.06872201710939407
0.16449980437755585
0.16581152379512787
0.2749898135662079
0.11925467103719711
0.13513384759426117
0.16016308963298798
0.16855718195438385
0.20479494333267212
0.1824847310781479
0.13412494957447052
0.12943625450134277
0.13228058815002441
0.09111305326223373
0.1739574521780014
0.08961179107427597
0.06822612136602402
0.12460105866193771
0.23548205196857452
0.09951607137918472
0.16274365782737732
0.09364435821771622
0.1300140619277954
0.15183423459529877
0.22629570960998535
0.21616007387638092
0.19753344357013702
0.3220128118991852
0.15371644496917725
0.46914252638816833
0.310335636138916
0.17641480267047882
0.18016520142555237
0.2674010097980499
0.25231584906578064
0.8330702781677246
0.8428791165351868
0.23303210735321045
0.22227846086025238
0.2504427134990692
0.2384806126356125
0.23634126782417297
0.22533056139945984
0.21883614361286163
0.20936354994773865
0.28561896085739136
0.2709030508995056
0.28103095293045044
0.3799665570259094
0.16750632226467133
0.5174385905265808
0.33977678418159485
0.21586835384368896
0.20262780785560608
0.30437159538269043
0.25895124673843384
0.2291177362203598
0.21854077279567719
0.29262349009513855
0.2775515615940094
0.5195890665054321
0.6184315085411072
0.4713129997253418
0.6462362408638
0.577620267868042
0.56557297706604
0.4180227220058441
0.5102705359458923
0.5102195143699646
0.5226759910583496
0.5644737482070923
0.5807029008865356
0.5078043341636658
0.5249978303909302
0.48432618379592896
0.6362535357475281
0.4442785084247589
0.3023104965686798
0.8201987147331238
