277
0.1754312962293625
0.32685089111328125
0.27839961647987366
0.3584776818752289
0.17521995306015015
0.29750117659568787
0.27382659912109375
0.34311485290527344
0.3291932940483093
0.4041402339935303
0.2059149295091629
0.34960928559303284
0.34075337648391724
0.28612905740737915
0.18269146978855133
0.17167645692825317
0.31700897216796875
0.334041029214859
0.3438359797000885
0.35446348786354065
0.34670963883399963
0.35658958554267883
0.3837543725967407
0.15487340092658997
0.2603285312652588
0.20036496222019196
0.15668818354606628
0.28524622321128845
0.16309988498687744
0.08988851308822632
0.3039339482784271
0.21222245693206787
0.28894683718681335
0.09231328964233398
0.29140591621398926
0.22629521787166595
0.29022207856178284
0.16469840705394745
0.19461454451084137
0.3421761393547058
0.38575220108032227
0.10308388620615005
0.11360695958137512
0.2699052691459656
0.17969685792922974
0.3050607144832611
0.2494831681251526
0.291579008102417
0.25721418857574463
0.34037864208221436
0.07274545729160309
0.09019917994737625
0.21513813734054565
0.08634156733751297
0.26640987396240234
0.34873178601264954
0.09299914538860321
0.2144826501607895
0.2886890172958374
0.26839759945869446
0.22237996757030487
0.24316006898880005
0.2132558822631836
0.246323361992836
0.21663634479045868
0.20196087658405304
0.2846771776676178
0.17621450126171112
0.1450544148683548
0.16869066655635834
0.3293208181858063
0.42840999364852905
0.2832781672477722
0.23404715955257416
0.3897213935852051
0.3357471525669098
0.28101351857185364
0.3667139410972595
0.36042526364326477
0.37260860204696655
0.375358909368515
0.3872990310192108
0.5055084228515625
0.3189760744571686
0.3403342068195343
0.4635935127735138
0.1789451390504837
0.2943491041660309
0.3127928376197815
0.5344183444976807
0.2106267511844635
0.3428383767604828
0.3633088171482086
0.5042241215705872
0.186756432056427
0.31836608052253723
0.3389187753200531
0.2339443415403366
0.5099920034408569
0.37719789147377014
0.4857652485370636
0.40868163108825684
0.2063031941652298
0.23610717058181763
0.22949932515621185
0.7242844104766846
0.7597013115882874
0.3217849135398865
0.26990464329719543
0.2832266688346863
0.25009509921073914
0.3273550868034363
0.3334340751171112
0.2641339600086212
0.3538401424884796
0.22680386900901794
0.18504707515239716
0.19988292455673218
0.29767119884490967
0.3804191052913666
0.2577003240585327
0.2160143107175827
0.21824945509433746
0.4356105923652649
0.3775562047958374
0.40254268050193787
0.4532562792301178
0.44917726516723633
0.47086235880851746
0.38125529885292053
0.3921342194080353
0.434381902217865
0.1663983166217804
0.2769347131252289
0.294770747423172
0.46271029114723206
0.185716912150383
0.29709309339523315
0.31495243310928345
0.47722241282463074
0.19563139975070953
0.30710598826408386
0.3249802887439728
0.23747149109840393
0.6027915477752686
0.2558853030204773
0.3998652398586273
0.42161139845848083
0.5643026828765869
0.4205295741558075
0.1921851634979248
0.23472532629966736
0.4022129476070404
0.45641160011291504
0.49244096875190735
0.25275668501853943
0.27615928649902344
0.2777489125728607
0.6795520186424255
0.2674946188926697
0.2385365217924118
0.436719685792923
0.704481303691864
0.6980637311935425
0.7456796765327454
0.5493273735046387
0.534877359867096
0.5163004398345947
0.6697455644607544
0.5856947898864746
0.6018525958061218
0.4865638017654419
0.5017881989479065
0.5244791507720947
0.5363729596138
0.6627796292304993
0.5826812982559204
0.5858457684516907
0.6853399872779846
0.7263363003730774
0.6113568544387817
0.629747748374939
0.5005146861076355
0.5057695508003235
0.5880032181739807
0.5302298665046692
0.6011993885040283
0.5789103507995605
0.5799772143363953
0.6405284404754639
0.5436900854110718
0.5486209988594055
0.46554505825042725
0.6072764992713928
0.6222782731056213
0.49142298102378845
0.5554139018058777
0.5602369904518127
0.5401580333709717
0.43595999479293823
0.4584865868091583
0.7030470371246338
0.6224797368049622
0.49290230870246887
0.49025750160217285
0.6345406174659729
0.5442887544631958
0.526083767414093
0.6606042385101318
0.8319047689437866
0.7912543416023254
0.6749328374862671
0.5426440238952637
0.46102115511894226
0.8210137486457825
0.5083475112915039
0.5011826753616333
0.7752965092658997
0.7356321215629578
0.7215142846107483
0.5831624865531921
0.48888155817985535
0.6401843428611755
0.4754161834716797
0.6728129982948303
0.8323599696159363
0.7685537934303284
0.7685590386390686
0.627933919429779
0.5437652468681335
0.43921878933906555
0.536720335483551
0.36197876930236816
0.8401899933815002
0.7617892026901245
0.530896782875061
0.39603304862976074
0.5967198610305786
0.6276146173477173
0.8132221102714539
0.3539072871208191
0.7017226219177246
0.591386079788208
0.1531996876001358
0.16545329988002777
0.3996809124946594
0.5922600030899048
0.34653839468955994
0.594555675983429
0.4796833395957947
0.4986245334148407
0.5019601583480835
0.4707641303539276
0.49605947732925415
0.6964308619499207
0.7524258494377136
0.4357530176639557
0.7488008141517639
0.6535229086875916
0.4930761456489563
0.518495500087738
0.7095946669578552
0.7519843578338623
0.4309370517730713
0.7481392025947571
0.6518852114677429
0.8275459408760071
0.8277843594551086
0.8058005571365356
0.6972647309303284
0.8159294128417969
0.7977771759033203
0.648277759552002
0.7415199279785156
0.55592942237854
0.8167149424552917
0.7666586637496948
