52
0.1264932006597519
0.12711463868618011
0.08771307021379471
0.1439903974533081
0.2936800718307495
0.21300843358039856
0.18774202466011047
0.20218554139137268
0.13118240237236023
0.08284112811088562
0.12612810730934143
0.06560772657394409
0.09325897693634033
0.22907552123069763
0.1365324854850769
0.15994544327259064
0.12043758481740952
0.122109554708004
0.21867841482162476
0.4763789772987366
0.27470219135284424
0.18603463470935822
0.2785061299800873
0.8387017846107483
0.8430166244506836
0.8189454674720764
0.23036417365074158
0.45312681794166565
0.3004436492919922
0.22314205765724182
0.2677396535873413
0.5438639521598816
0.5250646471977234
0.6503740549087524
0.6199527382850647
0.531140923500061
0.5044952034950256
0.5625643730163574
0.5883873105049133
0.5789253115653992
0.5863295197486877
0.4851154088973999
0.4931012690067291
0.5941322445869446
0.6400976777076721
0.5851927995681763
0.5751255750656128
0.47665244340896606
0.7415556907653809
0.5519999861717224
0.47129493951797485
0.8154011964797974
