54
0.3142194449901581
0.34897249937057495
0.3317229449748993
0.19763392210006714
0.27938947081565857
0.34264296293258667
0.2982543110847473
0.2824203073978424
0.31380587816238403
0.36154863238334656
0.2913547456264496
0.17687496542930603
0.2326507419347763
0.18852832913398743
0.1445092111825943
0.24378283321857452
0.3043816387653351
0.2856069505214691
0.21095165610313416
0.21914519369602203
0.20932070910930634
0.23580245673656464
0.47624024748802185
0.7215664386749268
0.8149572014808655
0.8337252736091614
0.20980419218540192
0.2839764356613159
0.24672579765319824
0.2847236096858978
0.3085281550884247
0.5599887371063232
0.6484760642051697
0.6406102776527405
0.63741534948349
0.669205367565155
0.5743874907493591
0.646172046661377
0.638412356376648
0.5668622255325317
0.5107764601707458
0.5761051774024963
0.5829223990440369
0.47745004296302795
0.47516605257987976
0.5039620399475098
0.5283091068267822
0.3588401675224304
0.5306152105331421
0.4668417274951935
0.529878556728363
0.7278441190719604
0.8423197269439697
0.8441354632377625
