44
0.254660427570343
0.3406524062156677
0.3560391366481781
0.3432469069957733
0.3281128406524658
0.34900572896003723
0.28206172585487366
0.2909892201423645
0.0929749384522438
0.2543771266937256
0.3182338774204254
0.3122057020664215
0.31025272607803345
0.22635075449943542
0.25439825654029846
0.1777319461107254
0.47937148809432983
0.47350624203681946
0.2558159828186035
0.3123041093349457
0.22249577939510345
0.36721670627593994
0.8257527947425842
0.5582327246665955
0.2442433387041092
0.31870806217193604
0.23513753712177277
0.4290209114551544
0.5540352463722229
0.7394464612007141
0.6870747208595276
0.5636257529258728
0.7386767864227295
0.5511561036109924
0.6666595935821533
0.6155487895011902
0.6774381399154663
0.5341728925704956
0.5508306622505188
0.31762683391571045
0.388274610042572
0.4781583249568939
0.5326282978057861
0.823153555393219
