54
0.17523419857025146
0.371982604265213
0.11956754326820374
0.11060778796672821
0.07360193133354187
0.14330609142780304
0.1776430755853653
0.32620325684547424
0.32671546936035156
0.3267098367214203
0.39329513907432556
0.1736077070236206
0.07817257940769196
0.10995471477508545
0.06509949266910553
0.10397937148809433
0.12772104144096375
0.167751282453537
0.17235258221626282
0.26421505212783813
0.20469209551811218
0.22996671497821808
0.37215352058410645
0.25915881991386414
0.3840162754058838
0.5014989972114563
0.5178079009056091
0.2188965529203415
0.25215259194374084
0.2995515763759613
0.43259596824645996
0.23273956775665283
0.2694404721260071
0.3776036202907562
0.6568281650543213
0.5821025967597961
0.5319079160690308
0.5267114639282227
0.5322892665863037
0.6628246307373047
0.6780920624732971
0.5105096101760864
0.5550041794776917
0.45635202527046204
0.4909570515155792
0.528810441493988
0.46744203567504883
0.5179048180580139
0.566250741481781
0.3799300491809845
0.5164363980293274
0.37618136405944824
0.7081468105316162
0.838728129863739
