224
0.08411640673875809
0.13127435743808746
0.09520208835601807
0.1056404560804367
0.09920038282871246
0.3188813626766205
0.3694493770599365
0.13004401326179504
0.33325597643852234
0.08070260286331177
0.07820656150579453
0.15039978921413422
0.06858816742897034
0.1287582963705063
0.13523313403129578
0.08951721340417862
0.14028765261173248
0.1472962498664856
0.1571149379014969
0.3531395494937897
0.08935654163360596
0.13305075466632843
0.09844670444726944
0.12796084582805634
0.1679598093032837
0.160710409283638
0.2320251166820526
0.0821978822350502
0.1310129314661026
0.08419480919837952
0.1181103065609932
0.1351604163646698
0.09585915505886078
0.35124343633651733
0.09187593311071396
0.15950317680835724
0.2947090268135071
0.12832970917224884
0.07037298381328583
0.13247092068195343
0.09807584434747696
0.06303829699754715
0.11684024333953857
0.08744274824857712
0.07709132134914398
0.14799392223358154
0.06269107013940811
0.08698456734418869
0.06637594103813171
0.33293256163597107
0.08599627763032913
0.06758856773376465
0.08793730288743973
0.09626740962266922
0.10917504876852036
0.1298026740550995
0.36515507102012634
0.20758624374866486
0.42789676785469055
0.28960925340652466
0.4460839033126831
0.268839955329895
0.4148824214935303
0.23263831436634064
0.32323703169822693
0.4988677501678467
0.41984403133392334
0.4386213421821594
0.3604621887207031
0.4256541430950165
0.3849748373031616
0.2246190309524536
0.47259464859962463
0.18267709016799927
0.38477933406829834
0.5008344054222107
0.17001865804195404
0.37241601943969727
0.3714343309402466
0.8210321664810181
0.8106366395950317
0.8126084208488464
0.7663189768791199
0.8502964377403259
0.8462004661560059
0.6946389079093933
0.7952151298522949
0.434563547372818
0.24369940161705017
0.2706372141838074
0.4726773500442505
0.2568172812461853
0.2772676646709442
0.4275282919406891
0.22928743064403534
0.3209563195705414
0.4844024181365967
0.40269413590431213
0.3901331126689911
0.3174249529838562
0.2343868613243103
0.48261088132858276
0.38133662939071655
0.31387829780578613
0.36158353090286255
0.305560439825058
0.49743378162384033
0.5818799138069153
0.2116018384695053
0.44260352849960327
0.23076647520065308
0.4698910713195801
0.4925233721733093
0.620682954788208
0.5029315948486328
0.5671002268791199
0.7087042331695557
0.5732248425483704
0.490063339471817
0.47950291633605957
0.6003006100654602
0.642971396446228
0.4535873532295227
0.5892856121063232
0.492745965719223
0.551651656627655
0.3527732491493225
0.4823244512081146
0.48652565479278564
0.5488144755363464
0.349021852016449
0.4728478193283081
0.5404020547866821
0.3401787281036377
0.5416246056556702
0.39857134222984314
0.4962712526321411
0.513152539730072
0.5338467955589294
0.5802525281906128
0.4615858197212219
0.49054214358329773
0.4653136134147644
0.40669479966163635
0.6113123893737793
0.6578876972198486
0.4628277122974396
0.5189933180809021
0.5814706087112427
0.3721458911895752
0.5560553669929504
0.6206947565078735
0.4091961979866028
0.5804836750030518
0.6461745500564575
0.44206637144088745
0.5634900331497192
0.4972344636917114
0.47191596031188965
0.5012610554695129
0.5420601963996887
0.426636278629303
0.5196652412414551
0.34983715415000916
0.4171227812767029
0.5841060280799866
0.3488616347312927
0.4915313720703125
0.4153897762298584
0.5285266041755676
0.509960949420929
0.5597221851348877
0.6250490546226501
0.5118165016174316
0.5291451215744019
0.4155474007129669
0.5955967903137207
0.6064201593399048
0.5937616229057312
0.6399203538894653
0.5220914483070374
0.5859543085098267
0.5876548886299133
0.5472519397735596
0.8114979267120361
0.8276369571685791
0.5897649526596069
0.4814416170120239
0.35264256596565247
0.6088237762451172
0.4940170347690582
0.8102414608001709
0.7428807616233826
0.5892655849456787
0.6777870655059814
0.8171333074569702
0.6230599284172058
0.6339443922042847
0.6462899446487427
0.8157119750976562
0.566640317440033
0.433112770318985
0.33255159854888916
0.8121207356452942
0.5124788284301758
0.5124732255935669
0.41487863659858704
0.7112117409706116
0.7112046480178833
0.602466344833374
0.8414906859397888
0.7634031176567078
0.8358643651008606
0.8282843828201294
0.8265924453735352
0.7767922282218933
0.8319141268730164
0.7562544345855713
0.8352073431015015
0.8482229113578796
0.825035035610199
0.8444528579711914
0.844667375087738
0.8403300046920776
