132
0.1942826360464096
0.2827032506465912
0.3497183620929718
0.2402142435312271
0.39619356393814087
0.27646729350090027
0.2222784012556076
0.26005950570106506
0.351584792137146
0.2354699671268463
0.26184412837028503
0.18037711083889008
0.28473618626594543
0.14075176417827606
0.2177099883556366
0.28373974561691284
0.3754613995552063
0.44868558645248413
0.3000819683074951
0.3119131028652191
0.3230023682117462
0.24042491614818573
0.21683278679847717
0.10262364894151688
0.26901939511299133
0.28094276785850525
0.1796107292175293
0.1657855063676834
0.3096649646759033
0.12772062420845032
0.20243753492832184
0.14848032593727112
0.09213501960039139
0.21765151619911194
0.31334632635116577
0.24901825189590454
0.24054907262325287
0.44074681401252747
0.5214099884033203
0.5028695464134216
0.247187077999115
0.45608651638031006
0.1836584359407425
0.3291221559047699
0.19092756509780884
0.46845898032188416
0.7081446647644043
0.8228307366371155
0.8217632174491882
0.7141004800796509
0.8106604218482971
0.8218089938163757
0.8036830425262451
0.6541998982429504
0.6543712019920349
0.8312437534332275
0.6595094799995422
0.44250309467315674
0.5927436947822571
0.21088901162147522
0.5210199356079102
0.2825075387954712
0.4778442978858948
0.3743070960044861
0.19742509722709656
0.2745181918144226
0.38034436106681824
0.5682387948036194
0.44914838671684265
0.5721011161804199
0.6762903332710266
0.6072999835014343
0.6924655437469482
0.5830901861190796
0.327437162399292
0.7719572186470032
0.48476219177246094
0.6046891212463379
0.6177312135696411
0.2866736650466919
0.72874915599823
0.617695689201355
0.3254792392253876
0.7402890920639038
0.6702907681465149
0.5903058052062988
0.5803180932998657
0.4823319911956787
0.6018272042274475
0.5162937641143799
0.5323942303657532
0.6801745891571045
0.5773835182189941
0.694053053855896
0.5836029052734375
0.24533481895923615
0.277050644159317
0.7178502082824707
0.5810806155204773
0.479907363653183
0.6353389620780945
0.543314516544342
0.6441229581832886
0.5586342811584473
0.5902493000030518
0.4849650263786316
0.5382261276245117
0.4942210614681244
0.6395323872566223
0.6201047897338867
0.5065186619758606
0.5412724018096924
0.5607513189315796
0.49118736386299133
0.6397824883460999
0.6045069098472595
0.5990121364593506
0.5503897666931152
0.5610634684562683
0.40877765417099
0.3427276611328125
0.5402963757514954
0.5039964914321899
0.7584576606750488
0.785967230796814
0.8019264936447144
0.5339627265930176
0.835667073726654
0.8132070302963257
0.5761206150054932
0.5608072876930237
0.7711508870124817
