67
0.30277732014656067
0.2353539764881134
0.18186219036579132
0.14576305449008942
0.22032169997692108
0.3184945285320282
0.0783543661236763
0.15951740741729736
0.13429056107997894
0.10324335098266602
0.1727329045534134
0.12715239822864532
0.1315242499113083
0.0946057140827179
0.21544483304023743
0.2669857442378998
0.06312217563390732
0.11494582146406174
0.15149983763694763
0.19915641844272614
0.09787687659263611
0.19236189126968384
0.17432019114494324
0.17524276673793793
0.21676836907863617
0.17497897148132324
0.207273930311203
0.8463624715805054
0.8416086435317993
0.24258944392204285
0.18905916810035706
0.20785003900527954
0.2761388421058655
0.3387487232685089
0.20935487747192383
0.21152298152446747
0.20331257581710815
0.6522603631019592
0.5098558664321899
0.4769391417503357
0.5226093530654907
0.5059478878974915
0.6453302502632141
0.5150557160377502
0.41501522064208984
0.3800920844078064
0.420622855424881
0.35070183873176575
0.5397191047668457
0.4394967257976532
0.44492632150650024
0.4396713376045227
0.5079088807106018
0.46874144673347473
0.5242557525634766
0.5726395845413208
0.3932792544364929
0.5710368752479553
0.3657325208187103
0.5371155142784119
0.5145503282546997
0.42962953448295593
0.459616094827652
0.3044319450855255
0.3586083948612213
0.8210577964782715
0.8100042343139648
