300
0.11254698783159256
0.12357877194881439
0.1202319785952568
0.08632946014404297
0.07596585899591446
0.14589938521385193
0.10126083344221115
0.2863982021808624
0.14095984399318695
0.07773379236459732
0.15001925826072693
0.13906648755073547
0.1458517462015152
0.07942036539316177
0.31749671697616577
0.16130584478378296
0.08838026970624924
0.12901972234249115
0.470033198595047
0.37812259793281555
0.06909848749637604
0.13285036385059357
0.1012878343462944
0.10655499249696732
0.0697823315858841
0.13456366956233978
0.10696116089820862
0.09120628237724304
0.08229736983776093
0.08234796673059464
0.12847782671451569
0.11443785578012466
0.0906345322728157
0.08986729383468628
0.0899248868227005
0.07983675599098206
0.15201343595981598
0.07819247990846634
0.21915709972381592
0.2567766010761261
0.06587617844343185
0.10584687441587448
0.08171476423740387
0.07420773804187775
0.24925650656223297
0.08778592944145203
0.11592598259449005
0.090443454682827
0.1278351992368698
0.12582290172576904
0.09470167011022568
0.06985390931367874
0.11080870032310486
0.08455308526754379
0.4655236601829529
0.4577658176422119
0.2713640332221985
0.37980517745018005
0.5067695379257202
0.24618901312351227
0.22145815193653107
0.23758350312709808
0.8344624042510986
0.7937782406806946
0.8389244079589844
0.6977212429046631
0.7988138794898987
0.8499227166175842
0.8376815319061279
0.7938826084136963
0.8428117036819458
0.8358428478240967
0.8361326456069946
0.7777938842773438
0.8111247420310974
0.7995286583900452
0.8195697665214539
0.8195971250534058
0.7939806580543518
0.7823565006256104
0.8542302846908569
0.8397920727729797
0.8525311946868896
0.6044765114784241
0.7300284504890442
0.8408142924308777
0.30062028765678406
0.3738059997558594
0.36616578698158264
0.31817665696144104
0.40990230441093445
0.4023378789424896
0.565753698348999
0.5593324303627014
0.3344978988170624
0.40391746163368225
0.2050226777791977
0.6529377102851868
0.6723601222038269
0.23795795440673828
0.2638370394706726
0.255060613155365
0.20439954102039337
0.689895510673523
0.38212212920188904
0.39347270131111145
0.4947373867034912
0.5950429439544678
0.45325618982315063
0.45323464274406433
0.3195788562297821
0.4917672574520111
0.5994356274604797
0.6636949181556702
0.36756232380867004
0.5503305792808533
0.5503138303756714
0.6343616247177124
0.37011709809303284
0.38460835814476013
0.4692785143852234
0.5706107020378113
0.6911861896514893
0.5360840559005737
0.536072313785553
0.37378063797950745
0.6484406590461731
0.5047347545623779
0.5030829906463623
0.39015674591064453
0.504485547542572
0.5364055633544922
0.42686790227890015
0.5080761313438416
0.5349463224411011
0.6115860342979431
0.47999897599220276
0.6255921721458435
0.4103664457798004
0.6750932335853577
0.6772150993347168
0.5784805417060852
0.6612195372581482
0.5777401924133301
0.7070308923721313
0.6905257105827332
0.49755021929740906
0.5201741456985474
0.4862958788871765
0.4561346471309662
0.4925234317779541
0.447509765625
0.3954840898513794
0.656468391418457
0.41237127780914307
0.518514096736908
0.6222068071365356
0.31686097383499146
0.4794464409351349
0.47942566871643066
0.567108154296875
0.3190200626850128
0.3343713581562042
0.4058426320552826
0.5028878450393677
0.6787512302398682
0.3148869276046753
0.4794066548347473
0.47939449548721313
0.5653952360153198
0.31368398666381836
0.3316277861595154
0.44109779596328735
0.5404593348503113
0.7019464373588562
0.3376988470554352
0.5142691731452942
0.5142598152160645
0.6005661487579346
0.33622288703918457
0.3540903925895691
0.4318050742149353
0.5293012261390686
0.700060248374939
0.5046415328979492
0.5046328902244568
0.4315266013145447
0.5289629697799683
0.6999861001968384
0.5043444037437439
0.5043355822563171
0.6469545960426331
0.6109670400619507
0.5998088121414185
0.4830109179019928
0.6096224188804626
0.5045571327209473
0.6284319162368774
0.630866289138794
0.5266095995903015
0.6143103241920471
0.5267511606216431
0.6762849688529968
0.6591219305992126
0.46718263626098633
0.6136965751647949
0.4782978594303131
0.6383423805236816
0.4176688492298126
0.5874446034431458
0.5124635100364685
0.46244239807128906
0.4235655963420868
0.4590480923652649
0.49002644419670105
0.6125650405883789
0.658389687538147
0.45246660709381104
0.6047881841659546
0.44957348704338074
0.623137891292572
0.4857324957847595
0.6095681190490723
0.6091463565826416
0.6119241118431091
0.4880583882331848
0.569990873336792
0.6392526626586914
0.3618104159832001
0.469515323638916
0.5646260380744934
0.38884833455085754
0.576248049736023
0.42867958545684814
0.5113903284072876
0.5415248870849609
0.5783888101577759
0.3837426006793976
0.5557594895362854
0.5887219905853271
0.43124234676361084
0.4212542772293091
0.38119521737098694
0.513176441192627
0.5466959476470947
0.3886932134628296
0.5522947311401367
0.5865489840507507
0.42782196402549744
0.47871553897857666
0.4629760682582855
0.4872567355632782
0.613892138004303
0.44674691557884216
0.6594313979148865
0.7786051630973816
0.8483535647392273
0.8064844012260437
0.8165358901023865
0.48865172266960144
0.7356728911399841
0.46290361881256104
0.45472389459609985
0.7485164999961853
0.7244635820388794
0.7284342050552368
0.6588078141212463
0.8327397704124451
0.7845547199249268
0.802575409412384
0.8319804072380066
0.803730845451355
0.8049806952476501
0.7886754870414734
0.8315707445144653
0.8229111433029175
0.8405342102050781
0.8494287133216858
0.8155088424682617
0.7764252424240112
0.8337264060974121
0.8345880508422852
0.8256282210350037
0.8398429155349731
0.5526340007781982
0.7350306510925293
0.758405327796936
0.7584853172302246
0.8293870687484741
0.7385689616203308
0.740098237991333
0.716433048248291
0.7996178269386292
0.7354439496994019
0.7366215586662292
0.795589029788971
0.8473079800605774
0.845960259437561
0.8450034856796265
0.831112265586853
