120
0.0954577773809433
0.3108140230178833
0.2597281336784363
0.4338377118110657
0.18108710646629333
0.2303544580936432
0.21340976655483246
0.19442613422870636
0.14414577186107635
0.10934671759605408
0.18407639861106873
0.20229989290237427
0.18357853591442108
0.1538655161857605
0.2963837683200836
0.20988287031650543
0.07797889411449432
0.1843033879995346
0.14374269545078278
0.14245504140853882
0.2813061773777008
0.15486028790473938
0.1172560453414917
0.07909994572401047
0.23758183419704437
0.19031649827957153
0.13797767460346222
0.48516130447387695
0.26531654596328735
0.16509032249450684
0.14427734911441803
0.33294910192489624
0.23593132197856903
0.19811812043190002
0.41914036870002747
0.3827131390571594
0.21889325976371765
0.42565828561782837
0.42816755175590515
0.3882119357585907
0.184169739484787
0.5735323429107666
0.7691699266433716
0.7840522527694702
0.8085112571716309
0.7862173318862915
0.7865762114524841
0.7846596240997314
0.8416369557380676
0.8454805016517639
0.5018431544303894
0.23378990590572357
0.2020338773727417
0.1722124069929123
0.3823153078556061
0.20032508671283722
0.39794835448265076
0.2744961678981781
0.3902590870857239
0.496112585067749
0.19104979932308197
0.4906509220600128
0.6890732049942017
0.6651619076728821
0.5605365633964539
0.4919860363006592
0.6492434144020081
0.4110409617424011
0.5355439186096191
0.5287953615188599
0.3930848240852356
0.710732638835907
0.5861201882362366
0.5645707845687866
0.5609415173530579
0.4238182008266449
0.5911599397659302
0.48538893461227417
0.5866248607635498
0.5798827409744263
0.5888847708702087
0.655232846736908
0.6385752558708191
0.5958627462387085
0.5811969637870789
0.4775930643081665
0.40278345346450806
0.4489232301712036
0.4974631667137146
0.4160490930080414
0.47144418954849243
0.5463634729385376
0.4721720814704895
0.47437846660614014
0.3957468569278717
0.36817023158073425
0.43407630920410156
0.5893257856369019
0.5220714211463928
0.7203291654586792
0.6932579874992371
0.5843200087547302
0.47687089443206787
0.47686997056007385
0.47689539194107056
0.5360408425331116
0.5360382199287415
0.536033034324646
0.7546260952949524
0.7546261548995972
0.7546563148498535
0.6751346588134766
0.7653766870498657
0.8470077514648438
0.8421776294708252
0.8449034094810486
0.7755094170570374
0.8204547762870789
0.7730428576469421
0.8193669319152832
