60
0.16227224469184875
0.21645963191986084
0.19872455298900604
0.2744596600532532
0.09404535591602325
0.18409143388271332
0.10404860228300095
0.1593831479549408
0.22996045649051666
0.15714554488658905
0.24583661556243896
0.2526368200778961
0.13228212296962738
0.19138969480991364
0.21180205047130585
0.15747812390327454
0.086020827293396
0.1789192110300064
0.3698717951774597
0.20034265518188477
0.39695894718170166
0.21077531576156616
0.8170602321624756
0.8389579653739929
0.7917608618736267
0.7944183349609375
0.22604675590991974
0.4395332336425781
0.19980505108833313
0.6631835103034973
0.5759454965591431
0.6309337019920349
0.5686662197113037
0.6781958341598511
0.5478994846343994
0.6703048944473267
0.4552489221096039
0.48167261481285095
0.6197133660316467
0.45286980271339417
0.5227893590927124
0.5774105787277222
0.6096698045730591
0.387071818113327
0.5441026091575623
0.5363269448280334
0.4818839132785797
0.5919084548950195
0.5918533205986023
0.6339854598045349
0.4979803264141083
0.2353309988975525
0.7594582438468933
0.29166632890701294
0.7747748494148254
0.7845231294631958
0.8200339674949646
0.8199294209480286
0.34958896040916443
0.6183412671089172
