85
0.27889299392700195
0.1774483472108841
0.23196077346801758
0.41831132769584656
0.24081070721149445
0.2881700098514557
0.3307129740715027
0.3914582133293152
0.29502761363983154
0.3300808072090149
0.08458451926708221
0.2255740910768509
0.10362057387828827
0.16283947229385376
0.361977756023407
0.27781999111175537
0.11056335270404816
0.199085995554924
0.4147503674030304
0.1706935465335846
0.15960408747196198
0.03948599472641945
0.17492617666721344
0.16742609441280365
0.25812336802482605
0.24277125298976898
0.05095357075333595
0.27799245715141296
0.266478568315506
0.6311247944831848
0.8365282416343689
0.7877629995346069
0.5294510126113892
0.6043135523796082
0.8333872556686401
0.8433899879455566
0.8278605341911316
0.8034964203834534
0.2631899416446686
0.3552297353744507
0.3809904456138611
0.19411718845367432
0.18217220902442932
0.043570540845394135
0.2051783800125122
0.1964177042245865
0.6731279492378235
0.5297294855117798
0.6075327396392822
0.5895527005195618
0.6307626366615295
0.470203161239624
0.5464047193527222
0.6594903469085693
0.5727304220199585
0.429044246673584
0.46665722131729126
0.32422035932540894
0.48934173583984375
0.42584070563316345
0.543950080871582
0.4240189492702484
0.6547818183898926
0.49721384048461914
0.7297520041465759
0.47443753480911255
0.5703312754631042
0.4726449251174927
0.552112340927124
0.562206506729126
0.6909064650535583
0.35937434434890747
0.5925247073173523
0.3635547161102295
0.5893533229827881
0.5212051868438721
0.45202580094337463
0.4329879581928253
0.6048233509063721
0.5136261582374573
0.5075052380561829
0.4629592001438141
0.6488484740257263
0.8146148324012756
0.8366269469261169
