47
0.17459607124328613
0.20130059123039246
0.08452794700860977
0.26643118262290955
0.10701464861631393
0.30259957909584045
0.10551987588405609
0.3404672145843506
0.09570864588022232
0.13114246726036072
0.06904952228069305
0.247457817196846
0.06580933183431625
0.07539519667625427
0.26066145300865173
0.07114607840776443
0.08220906555652618
0.31564536690711975
0.2361322045326233
0.1621512621641159
0.4250181019306183
0.5514083504676819
0.4302695691585541
0.5364997982978821
0.41344577074050903
0.5439766645431519
0.8500696420669556
0.8369653820991516
0.8381065130233765
0.19547857344150543
0.44589588046073914
0.564918577671051
0.42263755202293396
0.5281727313995361
0.47658461332321167
0.5863444805145264
0.692879319190979
0.5303464531898499
0.5815396308898926
0.6710408329963684
0.5893043875694275
0.4659942090511322
0.3832100033760071
0.7350550293922424
0.8289147615432739
0.845187783241272
0.8408111333847046
