125
0.08715314418077469
0.16367760300636292
0.10693281143903732
0.15088646113872528
0.19962775707244873
0.2534397840499878
0.10459145903587341
0.17088614404201508
0.08608551323413849
0.21815314888954163
0.20015867054462433
0.1591877043247223
0.20728638768196106
0.1652817726135254
0.24327050149440765
0.35307252407073975
0.08837965130805969
0.09187139570713043
0.27935081720352173
0.10189362615346909
0.1409676969051361
0.10382796823978424
0.19328415393829346
0.22740791738033295
0.10788443684577942
0.12029650062322617
0.0851009339094162
0.1484641432762146
0.0930328518152237
0.15836076438426971
0.09830520302057266
0.12880593538284302
0.1822858601808548
0.313478946685791
0.07800385355949402
0.08503483980894089
0.41107723116874695
0.21099938452243805
0.37965190410614014
0.49520012736320496
0.2671566903591156
0.3886621594429016
0.26447686553001404
0.14871345460414886
0.16283902525901794
0.16405728459358215
0.1791047304868698
0.5414671897888184
0.4390309453010559
0.22009962797164917
0.3319697082042694
0.8006948232650757
0.8199529051780701
0.8012048006057739
0.8244235515594482
0.4958992600440979
0.45323091745376587
0.23210500180721283
0.4630011320114136
0.2466789036989212
0.5158697366714478
0.28268545866012573
0.30218586325645447
0.3612349033355713
0.1688595861196518
0.18689928948879242
0.1890285760164261
0.20962372422218323
0.4109455943107605
0.22614285349845886
0.5541045069694519
0.38313615322113037
0.5231918692588806
0.6268368363380432
0.670427143573761
0.6409893035888672
0.538543701171875
0.2896718978881836
0.3237282335758209
0.44647085666656494
0.6049823760986328
0.5509648323059082
0.6561882495880127
0.5563302040100098
0.5895084142684937
0.609098494052887
0.5875957608222961
0.49381765723228455
0.4853852093219757
0.4100625514984131
0.3887057304382324
0.3821519613265991
0.5691251754760742
0.33293578028678894
0.46587103605270386
0.49301251769065857
0.6344916224479675
0.5303172469139099
0.4140792489051819
0.3989641070365906
0.5775941014289856
0.5416138768196106
0.39833134412765503
0.6155365705490112
0.49908870458602905
0.4645826816558838
0.6389489769935608
0.40520209074020386
0.5630171298980713
0.6110816597938538
0.7914963364601135
0.4596385657787323
0.5173192024230957
0.3468119204044342
0.49981755018234253
0.3726128339767456
0.75943922996521
0.8053213953971863
0.8327426314353943
0.6145777106285095
0.4353720247745514
0.5053879022598267
0.5419210195541382
0.7703593373298645
0.7337849140167236
