195
0.3542934060096741
0.33043670654296875
0.46602559089660645
0.37245213985443115
0.4358139634132385
0.35218143463134766
0.3401377499103546
0.31797486543655396
0.2717612385749817
0.32574331760406494
0.3405177593231201
0.25725677609443665
0.2796972692012787
0.16269610822200775
0.26869308948516846
0.16525954008102417
0.29402896761894226
0.15870104730129242
0.2708260715007782
0.14155270159244537
0.2206389456987381
0.4557696282863617
0.14753657579421997
0.22817203402519226
0.44350841641426086
0.24764306843280792
0.11706122010946274
0.18243074417114258
0.34397533535957336
0.38305819034576416
0.3023815453052521
0.3252882957458496
0.30862143635749817
0.28925126791000366
0.2790890634059906
0.2643228769302368
0.3171127736568451
0.2950766086578369
0.3857361972332001
0.20311759412288666
0.26462626457214355
0.22122550010681152
0.14708881080150604
0.30813097953796387
0.08097616583108902
0.19511885941028595
0.0902290791273117
0.18265941739082336
0.07803582400083542
0.1607363373041153
0.09015262871980667
0.12289983779191971
0.27568018436431885
0.07640179246664047
0.10410449653863907
0.2328057885169983
0.21418380737304688
0.21859842538833618
0.10703425109386444
0.22286181151866913
0.2502603232860565
0.2668163776397705
0.3969149887561798
0.45604997873306274
0.4943869709968567
0.23507046699523926
0.4789023697376251
0.2199564427137375
0.25850382447242737
0.7526323199272156
0.604281485080719
0.834035336971283
0.8086805939674377
0.8466695547103882
0.8319941163063049
0.7960740327835083
0.8397534489631653
0.817195475101471
0.450805127620697
0.3685178756713867
0.4673950970172882
0.5539954304695129
0.3828061521053314
0.5294919610023499
0.2772601842880249
0.4087437093257904
0.21200871467590332
0.40666264295578003
0.6302682757377625
0.5375245213508606
0.6301946640014648
0.337578147649765
0.525871753692627
0.43882399797439575
0.5269120335578918
0.6473479270935059
0.5561052560806274
0.6466799974441528
0.5043256878852844
0.72535640001297
0.6464534997940063
0.723703145980835
0.5579859614372253
0.6032902598381042
0.5930413007736206
0.6156505346298218
0.6876867413520813
0.5557494163513184
0.32721590995788574
0.6676614880561829
0.4139396548271179
0.24968300759792328
0.7205090522766113
0.7751196622848511
0.7743383646011353
0.6208169460296631
0.7596592307090759
0.7346369624137878
0.5992039442062378
0.7571830749511719
0.7307462096214294
0.5981836318969727
0.7568065524101257
0.7301151752471924
0.49162936210632324
0.697111964225769
0.6577233672142029
0.6002073287963867
0.35365867614746094
0.5709007382392883
0.47543179988861084
0.5728405714035034
0.6387578845024109
0.5451772212982178
0.6390027403831482
0.6777073740959167
0.588817834854126
0.6772867441177368
0.5514881610870361
0.5817609429359436
0.5511744618415833
0.6816616654396057
0.4951372742652893
0.2705334722995758
0.6963915824890137
0.42912960052490234
0.24991101026535034
0.7110912203788757
0.768974244594574
0.7683519721031189
0.6045213341712952
0.7540071606636047
0.7276298999786377
0.5637227892875671
0.7386205196380615
0.7064192891120911
0.5675076246261597
0.7411553263664246
0.7094767093658447
0.5277007818222046
0.7208513021469116
0.6846494078636169
0.699692964553833
0.5909053087234497
0.5476768612861633
0.5311332941055298
0.4464321434497833
0.6162872910499573
0.6025069355964661
0.5142255425453186
0.6574006080627441
0.6468335390090942
0.5601123571395874
0.5701860785484314
0.40220820903778076
0.44785457849502563
0.5888606309890747
0.6208258867263794
0.5251483917236328
0.5481727719306946
0.4373565912246704
0.32627150416374207
0.7629462480545044
0.7556760311126709
0.726942241191864
0.4092206358909607
0.5733237862586975
0.6647895574569702
0.8296526670455933
0.8260109424591064
0.6797184348106384
0.756382942199707
0.6601916551589966
0.7404550909996033
0.7720062732696533
