0.283630
0.126443
0.214501
0.219063
0.110430
0.255787
0.171447
0.155864
0.208283
0.374406
0.147589
0.193081
0.194110
0.298617
0.336385
0.285119
0.155393
0.132092
0.141423
0.190385
0.175704
0.202199
0.095785
0.092250
0.220918
0.118238
0.254346
0.075816
0.219008
0.104319
0.108099
0.163336
0.094781
0.167335
0.278466
0.102687
0.174610
0.168901
0.375442
0.468929
0.317920
0.390484
0.321928
0.408682
0.218056
0.281919
0.297103
0.346546
0.295135
0.192276
0.786802
0.682126
0.682117
0.819907
0.511805
0.449485
0.341048
0.434413
0.314224
0.281188
0.274043
0.456400
0.392012
0.271341
0.472377
0.548106
0.485588
0.670597
0.472694
0.633375
0.590134
0.383498
0.544501
0.587426
0.381502
0.541597
0.582525
0.535239
0.595460
0.568605
0.483600
0.578911
0.377414
0.534075
0.652433
0.609725
0.537569
0.378607
0.297492
0.297505
0.425778
0.517728
0.681663
0.839647
0.811215
0.798744
0.562354
0.542731
0.616446
0.486021
0.814242
0.779559
0.800937
0.797466
0.814507
