0.171922
0.096912
0.142870
0.063919
0.073861
0.070608
0.265519
0.235014
0.185725
0.281077
0.086660
0.222118
0.147184
0.150936
0.174683
0.211777
0.303917
0.274885
0.346204
0.076657
0.120827
0.110318
0.074202
0.121395
0.392891
0.199916
0.122908
0.200661
0.123704
0.211571
0.167288
0.387725
0.148635
0.199473
0.107400
0.148988
0.199896
0.107666
0.116241
0.372272
0.166462
0.076742
0.084526
0.206051
0.310199
0.123874
0.268278
0.074280
0.138846
0.257958
0.112777
0.092210
0.150346
0.259099
0.213387
0.302566
0.122602
0.126237
0.111683
0.095205
0.129213
0.112959
0.103580
0.211590
0.113730
0.234933
0.197712
0.287400
0.107057
0.132276
0.091435
0.063980
0.072500
0.175351
0.060587
0.068219
0.162105
0.066966
0.076477
0.188243
0.101096
0.322173
0.125390
0.269599
0.271243
0.469269
0.455765
0.446234
0.402102
0.322310
0.238230
0.260956
0.258252
0.449822
0.182068
0.331995
0.302105
0.531770
0.526621
0.391742
0.622100
0.291068
0.343244
0.460951
0.573767
0.370167
0.450809
0.580113
0.474161
0.158657
0.149468
0.356388
0.689587
0.191947
0.834466
0.851703
0.827531
0.760635
0.803714
0.799428
0.833240
0.842847
0.840889
0.469204
0.635042
0.788190
0.832158
0.821552
0.843881
0.818919
0.835316
0.422719
0.322489
0.493809
0.348271
0.460719
0.251868
0.207274
0.295468
0.277559
0.440951
0.224769
0.491894
0.398904
0.617098
0.332281
0.351242
0.591215
0.412262
0.397114
0.630700
0.353486
0.583765
0.397746
0.373138
0.488500
0.393732
0.164437
0.414821
0.480611
0.477949
0.676329
0.244322
0.485212
0.541558
0.538776
0.426308
0.586691
0.635647
0.633089
0.521855
0.577021
0.639697
0.631483
0.562388
0.633472
0.502990
0.381556
0.464537
0.493340
0.624001
0.601010
0.590871
0.686285
0.643694
0.474628
0.495338
0.707767
0.558307
0.570496
0.741664
0.660128
0.658387
0.547970
0.631708
0.548205
0.557724
0.603058
0.505107
0.592173
0.395654
0.495840
0.511876
0.674329
0.479546
0.594516
0.600191
0.716584
0.545003
0.651130
0.650845
0.614928
0.434291
0.767824
0.728976
0.514423
0.456574
0.398507
0.400101
0.269089
0.289667
0.354240
0.356911
0.242505
0.260509
0.450090
0.450070
0.300404
0.325808
0.384546
0.261520
0.466783
0.315474
0.465903
0.580883
0.637568
0.632412
0.517663
0.408724
0.485678
0.475217
0.431552
0.432804
0.611160
0.675798
0.548562
0.604942
0.588575
0.435531
0.548131
0.500706
0.515212
0.677513
0.519745
0.695918
0.517967
0.538009
0.625824
0.628146
0.554868
0.643671
0.429988
0.562458
0.547349
0.538366
0.332670
0.462434
0.424689
0.640428
0.433489
0.571470
0.530765
0.686615
0.573796
0.520688
0.526341
0.523954
0.350272
0.384300
0.489020
0.487434
0.321276
0.351145
0.363564
0.365750
0.243667
0.262245
0.397654
0.611555
0.454176
0.597441
0.450251
0.402502
0.511714
0.263468
0.537890
0.539250
0.636352
0.552507
0.614482
0.610260
0.269301
0.269662
0.265093
0.265461
0.239648
0.240015
0.290453
0.290858
0.263538
0.263668
0.311490
0.543709
0.487592
0.306539
0.583401
0.357324
0.495297
0.472630
0.600735
0.526158
0.627830
0.666278
0.688767
0.716343
0.625557
0.535693
0.638855
0.686440
0.723545
0.745046
0.516369
0.477150
0.350307
0.397662
0.601058
0.612518
0.746332
0.566797
0.556469
0.793420
0.454923
0.705575
0.502849
0.484930
0.780862
0.270369
0.471321
0.440786
0.528104
0.843278
0.808919
0.844864
0.670440
0.803310
0.593813
0.724049
0.573064
0.768601
0.684951
0.792165
0.571520
0.734726
0.368658
0.749446
0.825500
0.766472
0.794101
0.831396
0.699450
0.848158
0.843130
0.851339
0.830531
0.831679
0.803087
0.835731
0.708008
0.589698
0.817253
0.842195
