0.126882
0.088227
0.335097
0.122218
0.181457
0.095778
0.209668
0.218912
0.241676
0.144549
0.269766
0.345139
0.329943
0.273596
0.307317
0.255272
0.396957
0.349873
0.356426
0.120106
0.163297
0.256442
0.117226
0.158969
0.236457
0.317116
0.173647
0.219107
0.267969
0.289719
0.172278
0.170753
0.250078
0.194509
0.087473
0.247914
0.272375
0.219509
0.196145
0.135821
0.300196
0.287808
0.073876
0.071312
0.087457
0.317264
0.327418
0.146303
0.314924
0.190290
0.213617
0.240558
0.267980
0.402681
0.339211
0.371164
0.472266
0.363524
0.498061
0.401432
0.330779
0.363048
0.466949
0.229947
0.777141
0.826738
0.802756
0.774834
0.846190
0.829094
0.474252
0.468106
0.334583
0.367009
0.376312
0.357900
0.250223
0.349801
0.307689
0.369036
0.404432
0.528230
0.355108
0.386850
0.482475
0.337394
0.374468
0.507002
0.303336
0.335742
0.467520
0.381308
0.415921
0.524898
0.328999
0.593212
0.670432
0.623532
0.644238
0.541035
0.593582
0.475068
0.656603
0.631607
0.519352
0.347383
0.524462
0.682301
0.645063
0.690499
0.589987
0.601856
0.678482
0.443297
0.558414
0.627638
0.553241
0.678699
0.622283
0.568255
0.525395
0.536568
0.378686
0.499479
0.527283
0.490455
0.544547
0.595058
0.644968
0.595893
0.517732
0.591225
0.597201
0.510765
0.598763
0.506317
0.597170
0.441527
0.560936
0.571782
0.440057
0.770897
0.321945
0.321990
0.408546
0.376075
0.824360
0.805794
