0.317797
0.268587
0.288300
0.288141
0.313735
0.112590
0.369067
0.332737
0.162354
0.289577
0.261290
0.328940
0.375804
0.370700
0.361500
0.330145
0.263900
0.299201
0.080615
0.090183
0.275707
0.286500
0.205267
0.412102
0.190910
0.475757
0.343526
0.255612
0.365596
0.327717
0.353109
0.820707
0.779854
0.278554
0.321109
0.511388
0.217642
0.519621
0.381599
0.297173
0.415697
0.464644
0.414709
0.441839
0.634703
0.584807
0.440682
0.563049
0.682108
0.542517
0.482929
0.363897
0.481942
0.360901
0.553362
0.636716
0.520576
0.430703
0.444298
0.521892
0.430110
0.539209
0.732114
0.774882
