0.337172
0.163556
0.271321
0.141502
0.421147
0.260592
0.372113
0.191640
0.400552
0.326225
0.341379
0.207797
0.315406
0.328595
0.215714
0.103576
0.081592
0.264718
0.302648
0.095494
0.247275
0.303024
0.292491
0.190070
0.162565
0.211662
0.316829
0.244286
0.476210
0.414548
0.407819
0.141981
0.156146
0.503027
0.184030
0.195935
0.619290
0.240194
0.248978
0.210994
0.571023
0.821900
0.648260
0.450431
0.710953
0.810381
0.670932
0.823951
0.824712
0.831788
0.280805
0.583141
0.417244
0.153847
0.497199
0.189086
0.200291
0.579533
0.226784
0.235544
0.226099
0.449127
0.666709
0.508338
0.597235
0.615110
0.391825
0.612780
0.554789
0.459146
0.455896
0.446248
0.546746
0.374214
0.428356
0.597458
0.500928
0.557536
0.556146
0.479069
0.680592
0.569290
0.403111
0.402631
0.315462
0.300905
0.485205
0.528913
0.357263
0.536746
0.799539
0.403981
0.706363
0.672891
0.552824
0.551123
0.251300
0.573214
0.567919
0.390204
0.271937
0.604042
0.598814
0.712815
0.835372
