0.078447
0.229319
0.157162
0.153853
0.108979
0.218587
0.104250
0.217829
0.245157
0.318056
0.081453
0.101577
0.103639
0.148241
0.104010
0.106753
0.192825
0.140497
0.072033
0.372690
0.082623
0.258768
0.154170
0.123634
0.114574
0.169208
0.205234
0.142701
0.130859
0.189429
0.226665
0.079202
0.139991
0.075333
0.133062
0.138380
0.182712
0.146585
0.149243
0.205407
0.106770
0.166829
0.306664
0.096493
0.116400
0.065091
0.067973
0.132055
0.096601
0.190385
0.215115
0.263021
0.123477
0.135632
0.128863
0.093003
0.087515
0.130139
0.093811
0.071846
0.268978
0.135676
0.103855
0.297729
0.084845
0.134864
0.074311
0.173910
0.103407
0.102917
0.229536
0.062956
0.164262
0.056338
0.141931
0.096617
0.163602
0.125769
0.092076
0.280785
0.064097
0.057697
0.429998
0.238595
0.424560
0.517111
0.208662
0.214599
0.183381
0.468986
0.233304
0.230735
0.196841
0.493586
0.251465
0.200347
0.170964
0.390604
0.219242
0.260904
0.459835
0.355765
0.496043
0.224588
0.207879
0.387851
0.259780
0.239352
0.444706
0.286962
0.268195
0.453738
0.218919
0.208314
0.243639
0.237301
0.325026
0.479427
0.546171
0.842664
0.829111
0.731086
0.841466
0.829214
0.846056
0.828345
0.833914
0.836975
0.459591
0.426477
0.246842
0.486725
0.186652
0.321938
0.616279
0.350206
0.235552
0.201547
0.492742
0.256276
0.204152
0.175174
0.428343
0.221548
0.237777
0.204086
0.468012
0.258932
0.255752
0.477054
0.277694
0.254802
0.445111
0.410546
0.349454
0.493045
0.247305
0.228705
0.420132
0.215492
0.199253
0.368739
0.270150
0.323395
0.303516
0.494128
0.463771
0.376386
0.205491
0.220537
0.219849
0.313455
0.279117
0.461051
0.633982
0.426958
0.480910
0.508981
0.565049
0.654037
0.657797
0.732903
0.595868
0.523473
0.638791
0.621940
0.529618
0.449181
0.392776
0.537396
0.556875
0.514635
0.460761
0.417319
0.602892
0.621932
0.663485
0.524964
0.691034
0.547207
0.533994
0.589162
0.589446
0.591561
0.676369
0.672171
0.574263
0.507173
0.572578
0.549929
0.409912
0.481617
0.556050
0.493517
0.564034
0.519720
0.410070
0.366579
0.647178
0.588968
0.410948
0.655558
0.486466
0.630857
0.625742
0.573224
0.572699
0.535203
0.480871
0.611617
0.572586
0.564707
0.428444
0.649661
0.576122
0.463557
0.619778
0.549125
0.494307
0.547811
0.475558
0.649377
0.555421
0.542717
0.509581
0.576312
0.670953
0.649393
0.622433
0.663466
0.808422
0.424873
0.564992
0.455948
0.731453
0.355391
0.625838
0.323853
0.619835
0.583843
0.300051
0.577765
0.373071
0.543222
0.368075
0.605748
0.617339
0.540173
0.554304
0.774516
0.662087
0.350629
0.656280
0.428183
0.663432
0.683206
0.839372
0.850084
0.815532
0.833342
0.817601
0.840593
0.787883
0.741182
0.761468
