0.160532
0.144111
0.133629
0.276131
0.076993
0.269326
0.283436
0.367300
0.187789
0.515828
0.145702
0.156817
0.234068
0.155137
0.174090
0.247006
0.418249
0.078042
0.084071
0.220312
0.091188
0.101338
0.101964
0.095478
0.200561
0.158247
0.147488
0.124240
0.079585
0.266524
0.271373
0.137670
0.312103
0.070405
0.140393
0.070515
0.126058
0.199961
0.119471
0.138626
0.208579
0.272242
0.349548
0.174026
0.182280
0.154418
0.076405
0.068214
0.123931
0.171785
0.353856
0.258952
0.565200
0.344789
0.311775
0.446911
0.499655
0.471078
0.646308
0.165486
0.174575
0.229411
0.496841
0.230861
0.141335
0.241382
0.133736
0.207320
0.227393
0.398877
0.848803
0.845672
0.769094
0.728149
0.803462
0.801812
0.831177
0.845181
0.751691
0.210500
0.356508
0.255339
0.560933
0.347937
0.305395
0.497800
0.775214
0.496035
0.217015
0.221037
0.279459
0.560841
0.274594
0.661547
0.181707
0.315211
0.170993
0.279055
0.229834
0.479476
0.409792
0.495681
0.690016
0.409407
0.512088
0.406483
0.509044
0.396827
0.556299
0.638980
0.397085
0.647611
0.376423
0.503107
0.337653
0.513417
0.694753
0.418329
0.524418
0.611165
0.330893
0.476554
0.557611
0.331113
0.617011
0.522126
0.651396
0.458328
0.469595
0.513055
0.523146
0.583223
0.604085
0.355889
0.532443
0.537375
0.430831
0.613003
0.615427
0.443321
0.628147
0.454027
0.374120
0.439652
0.482825
0.636459
0.402459
0.392734
0.598458
0.315792
0.375301
0.482645
0.478522
0.756156
0.361679
0.548098
0.401970
0.597412
0.491236
0.553788
0.573310
0.805214
0.405532
0.807475
0.839560
0.840960
0.789696
0.743120
0.840871
