0.183991
0.374340
0.328771
0.206640
0.405429
0.370240
0.251324
0.268200
0.186117
0.202288
0.299296
0.294427
0.312247
0.293861
0.162247
0.289536
0.228190
0.253491
0.246841
0.246052
0.233086
0.282754
0.215709
0.215124
0.243119
0.343404
0.211185
0.179638
0.322259
0.268483
0.202777
0.082828
0.254433
0.171804
0.251783
0.100058
0.180556
0.246154
0.298869
0.193965
0.417135
0.316932
0.504181
0.384726
0.598817
0.472796
0.208198
0.222586
0.220081
0.456824
0.185973
0.267874
0.447210
0.713185
0.793851
0.821870
0.825238
0.826177
0.839799
0.790810
0.795928
0.823472
0.783663
0.795047
0.595813
0.475762
0.504242
0.387580
0.388557
0.453690
0.345612
0.579897
0.312301
0.309333
0.399678
0.393148
0.433743
0.203118
0.303414
0.396687
0.488977
0.544232
0.541394
0.645688
0.636498
0.538980
0.526469
0.483837
0.471916
0.542804
0.566690
0.502824
0.569174
0.633382
0.657450
0.588950
0.587156
0.460906
0.510466
0.604033
0.478205
0.478561
0.637692
0.476960
0.444474
0.684166
0.525251
0.697694
0.572143
0.467387
0.457600
0.541855
0.529035
0.639416
0.628064
0.630837
0.520224
0.534166
0.473844
0.479303
0.496182
0.444814
0.543068
0.455777
0.619181
0.462333
0.639877
0.472212
0.659781
0.462249
0.432901
0.422314
0.701558
0.550244
0.556572
0.461227
0.450955
0.529153
0.626723
0.617063
0.632622
0.622576
0.589104
0.521394
0.565284
0.485692
0.411822
0.400660
0.350126
0.453504
0.432944
0.513480
0.610458
0.582397
0.566310
0.682209
0.439266
0.692719
0.392089
0.779112
0.377793
0.692669
0.353328
0.771646
0.572643
0.815305
0.692065
0.526976
0.526973
0.481798
0.821580
0.639005
0.667210
0.832604
0.774742
0.833765
0.780832
0.840833
0.807383
0.814736
0.787648
0.812452
0.756052
0.828347
0.835246
