0.348633
0.247629
0.289999
0.348371
0.342351
0.300195
0.331503
0.275616
0.135667
0.354974
0.346682
0.308124
0.195535
0.219296
0.199642
0.275124
0.303390
0.132908
0.208149
0.149530
0.241756
0.764166
0.550383
0.462551
0.434004
0.247852
0.195020
0.200563
0.162119
0.142856
0.252860
0.766485
0.564968
0.504727
0.482664
0.208997
0.195392
0.167226
0.193125
0.249145
0.635662
0.689685
0.456639
0.612016
0.685397
0.506066
0.546591
0.537751
0.412400
0.570250
0.493599
0.447152
0.760656
0.429223
0.345379
0.713704
0.401044
0.421241
0.791593
0.813048
