0.230507
0.106873
0.198941
0.085919
0.173161
0.079264
0.076229
0.214459
0.092705
0.135897
0.265904
0.097239
0.115044
0.163752
0.082922
0.232849
0.104910
0.156954
0.214234
0.105187
0.105261
0.227332
0.104579
0.139119
0.070346
0.206980
0.065061
0.187706
0.192408
0.067262
0.061403
0.233588
0.078471
0.085289
0.063134
0.200723
0.176749
0.147325
0.147316
0.088003
0.174223
0.186079
0.359899
0.197081
0.243891
0.558612
0.420911
0.533350
0.495734
0.307979
0.446259
0.275600
0.488214
0.413718
0.490172
0.430307
0.365059
0.177792
0.281166
0.365628
0.210971
0.765563
0.840690
0.774009
0.218625
0.223389
0.384595
0.309228
0.355645
0.399704
0.571622
0.495896
0.491787
0.420300
0.494767
0.308734
0.412166
0.351309
0.416775
0.259131
0.530480
0.339902
0.453611
0.385875
0.431532
0.368949
0.190605
0.217256
0.450214
0.450162
0.241931
0.580214
0.550686
0.542585
0.588225
0.563067
0.621661
0.620687
0.473275
0.473227
0.533394
0.514255
0.626740
0.567282
0.603140
0.562831
0.385551
0.467207
0.516566
0.507744
0.401889
0.667832
0.607009
0.666992
0.545925
0.449884
0.547913
0.419183
0.494027
0.842102
0.511756
0.381076
0.748849
0.549899
0.758811
0.758769
0.519542
0.820932
0.445200
0.762178
0.816947
0.816918
0.638366
0.847069
0.568063
0.818766
0.843313
0.731962
0.404175
0.505414
0.485287
0.633241
0.791087
0.791058
0.580909
0.834513
0.507671
0.793771
0.837049
0.813860
0.824622
0.779384
