0.258037
0.346558
0.204997
0.259787
0.115883
0.286935
0.146020
0.185205
0.162218
0.079186
0.167843
0.264137
0.258527
0.310616
0.104869
0.346207
0.364699
0.365119
0.370115
0.309050
0.234777
0.112889
0.137583
0.309355
0.248888
0.160332
0.191559
0.093270
0.184346
0.279051
0.079708
0.087816
0.104511
0.109534
0.061917
0.123110
0.209590
0.230148
0.284374
0.307776
0.300098
0.338376
0.071837
0.072224
0.158832
0.227580
0.066793
0.177586
0.176396
0.159835
0.158973
0.345224
0.184047
0.379198
0.191711
0.217183
0.293848
0.416191
0.451359
0.184152
0.246602
0.271345
0.267757
0.165989
0.176608
0.298618
0.285335
0.359116
0.489658
0.509956
0.501983
0.488268
0.167182
0.161329
0.448299
0.370432
0.425853
0.168256
0.828301
0.822260
0.794559
0.794448
0.723882
0.834471
0.719478
0.695761
0.783572
0.756960
0.751297
0.824361
0.803935
0.804138
0.184191
0.381562
0.186107
0.370727
0.223914
0.237826
0.337679
0.434782
0.470316
0.196708
0.325689
0.259722
0.257293
0.192957
0.199984
0.355059
0.328937
0.329419
0.449623
0.309592
0.423114
0.310638
0.424469
0.526267
0.570720
0.181549
0.206988
0.442747
0.493627
0.431752
0.182970
0.457142
0.425987
0.569196
0.596503
0.543019
0.665694
0.562641
0.648043
0.524482
0.553530
0.681504
0.717286
0.449604
0.506311
0.517527
0.456687
0.610638
0.433576
0.576847
0.579774
0.664517
0.496581
0.517854
0.661793
0.679169
0.459127
0.427866
0.530231
0.551632
0.442524
0.571480
0.583370
0.438562
0.606542
0.419732
0.568953
0.621507
0.596946
0.671524
0.671564
0.495893
0.495801
0.662479
0.662434
0.580149
0.540756
0.601928
0.487371
0.583543
0.498663
0.518040
0.581443
0.515682
0.498276
0.662104
0.662265
0.512168
0.407121
0.520353
0.722699
0.512258
0.569958
0.622432
0.622457
0.654803
0.471686
0.678645
0.765992
0.401837
0.402385
0.361293
0.694116
0.470867
0.574156
0.481085
0.447988
0.427616
0.428043
0.349327
0.785506
0.783041
0.782698
0.458521
0.508368
0.833776
0.730861
0.809687
0.809859
0.613337
0.672336
0.770224
0.817011
