0.088300
0.188323
0.227157
0.083964
0.106326
0.099293
0.161149
0.120683
0.148010
0.112078
0.100120
0.350798
0.080271
0.088296
0.389643
0.210863
0.220179
0.135392
0.271309
0.135285
0.356696
0.186443
0.146564
0.106594
0.135641
0.074926
0.236900
0.187007
0.100245
0.065169
0.068320
0.072616
0.079560
0.137466
0.078823
0.113964
0.189908
0.098979
0.190557
0.098541
0.197496
0.097946
0.104692
0.210334
0.310262
0.061783
0.188305
0.235321
0.241678
0.270835
0.096316
0.111427
0.145224
0.330758
0.187668
0.133498
0.116150
0.173846
0.366985
0.203872
0.483623
0.453911
0.309210
0.353451
0.475842
0.411392
0.404952
0.519771
0.210853
0.406001
0.393227
0.462145
0.428731
0.554119
0.139022
0.169479
0.157112
0.190118
0.798120
0.784205
0.765176
0.816147
0.846973
0.833339
0.755170
0.792812
0.757479
0.822035
0.833094
0.790609
0.837461
0.831503
0.183238
0.326822
0.422604
0.403012
0.362556
0.370011
0.463395
0.331226
0.189004
0.346099
0.438015
0.413049
0.369658
0.208037
0.481682
0.453202
0.237336
0.448488
0.195754
0.372190
0.258739
0.466954
0.453968
0.514600
0.522118
0.131538
0.196470
0.181207
0.225620
0.597010
0.556269
0.621876
0.595029
0.461067
0.640051
0.682397
0.393890
0.691278
0.552597
0.286949
0.566421
0.591528
0.317719
0.607431
0.541033
0.469341
0.637096
0.567305
0.484479
0.576205
0.597091
0.665408
0.564844
0.545908
0.488724
0.588052
0.488797
0.462850
0.499238
0.476151
0.689024
0.603767
0.429360
0.511401
0.390369
0.531234
0.618230
0.406897
0.544935
0.519118
0.439841
0.598835
0.562283
0.500981
0.487708
0.480019
0.577242
0.557948
0.649256
0.600405
0.316041
0.306197
0.603044
0.586814
0.526872
0.438802
0.334926
0.546638
0.497315
0.474612
0.561275
0.648289
0.539776
0.517084
0.518710
0.620265
0.491408
0.367290
0.499999
0.583707
0.445265
0.480909
0.492454
0.477191
0.399224
0.577170
0.525700
0.483010
0.568275
0.457033
0.562762
0.461898
0.562241
0.643841
0.534888
0.486993
0.376098
0.423368
0.364523
0.515515
0.393986
0.410856
0.443686
0.338081
0.376013
0.322257
0.519663
0.405987
0.469578
0.404358
0.540152
0.452195
0.527519
0.460689
0.390916
0.441875
0.428067
0.481192
0.410483
0.462078
0.370764
0.520261
0.325063
0.553473
0.420790
0.475225
0.564370
0.381117
0.418254
0.413748
0.398423
0.420202
0.555799
0.468924
0.803203
0.776959
0.444743
0.370294
0.690247
0.631749
0.637029
0.468997
0.484298
0.377904
0.546553
0.482622
0.800459
0.821699
0.438929
0.814803
0.798702
0.556408
0.402375
0.709160
0.762353
0.542427
0.289672
0.639342
0.697444
0.288867
0.420169
0.344077
0.406238
0.507547
0.337503
0.766541
0.754918
0.832417
0.696646
0.388496
0.526779
0.573904
0.692776
0.446404
0.801949
0.720639
0.527862
0.662211
0.769353
0.788718
0.831298
0.699840
0.798465
0.841693
0.830598
0.821806
0.841803
0.817569
0.821524
0.836446
0.797400
0.739921
0.737616
0.667688
0.814700
0.851749
0.837352
