0.302777
0.235354
0.181862
0.145763
0.220322
0.318495
0.078354
0.159517
0.134291
0.103243
0.172733
0.127152
0.131524
0.094606
0.215445
0.266986
0.063122
0.114946
0.151500
0.199156
0.097877
0.192362
0.174320
0.175243
0.216768
0.174979
0.207274
0.846362
0.841609
0.242589
0.189059
0.207850
0.276139
0.338749
0.209355
0.211523
0.203313
0.652260
0.509856
0.476939
0.522610
0.505948
0.645330
0.515056
0.415015
0.380092
0.420623
0.350702
0.539719
0.439497
0.444926
0.439671
0.507909
0.468742
0.524256
0.572640
0.393279
0.571036
0.365733
0.537115
0.514550
0.429630
0.459616
0.304432
0.358609
0.821058
0.810004
