0.088485
0.445897
0.139676
0.337969
0.098147
0.110911
0.084608
0.332766
0.387014
0.096545
0.477572
0.080155
0.075260
0.112188
0.078502
0.072167
0.386831
0.128800
0.143125
0.303954
0.384060
0.304424
0.524260
0.408908
0.445766
0.480115
0.516434
0.397374
0.477827
0.420559
0.313863
0.401090
0.420884
0.445120
0.239833
0.256463
0.387953
0.411592
0.231043
0.803387
0.799615
0.783564
0.284873
0.486116
0.381384
0.414084
0.440973
0.314050
0.277581
0.478565
0.372957
0.405571
0.437614
0.612298
0.391324
0.587232
0.492737
0.516257
0.523665
0.205743
0.422748
0.440250
0.707412
0.671479
0.286325
0.475715
0.527568
0.519536
0.660681
0.654692
0.562265
0.599227
0.536586
0.562286
0.427855
0.480368
0.826109
0.543230
0.751366
0.597379
0.815582
0.775157
0.727354
0.814691
0.846576
0.596572
0.457087
0.820934
0.809628
0.835379
0.774913
0.767923
0.829579
0.805108
0.807135
