0.278894
0.177448
0.231961
0.418311
0.240811
0.288170
0.330713
0.391458
0.295028
0.330081
0.084585
0.225574
0.103621
0.162840
0.361978
0.277820
0.110563
0.199086
0.414750
0.170694
0.159604
0.039486
0.174926
0.167426
0.258123
0.242771
0.050954
0.277992
0.266479
0.631125
0.836528
0.787763
0.529451
0.604314
0.833387
0.843390
0.827860
0.803496
0.263190
0.355230
0.380991
0.194117
0.182172
0.043571
0.205178
0.196418
0.673128
0.529730
0.607533
0.589553
0.630763
0.470203
0.546405
0.659490
0.572731
0.429044
0.466657
0.324220
0.489342
0.425841
0.543950
0.424019
0.654782
0.497214
0.729752
0.474438
0.570331
0.472645
0.552113
0.562207
0.690907
0.359374
0.592525
0.363555
0.589354
0.521205
0.452026
0.432988
0.604823
0.513626
0.507505
0.462959
0.648848
0.814615
0.836627
