0.124938
0.121297
0.133734
0.326668
0.123057
0.139560
0.179121
0.108461
0.123351
0.110493
0.190060
0.077254
0.112143
0.118027
0.098665
0.104024
0.085775
0.093240
0.212483
0.158911
0.093368
0.210485
0.132145
0.282342
0.184612
0.168300
0.134408
0.175210
0.086874
0.167708
0.104646
0.141844
0.075867
0.072107
0.173274
0.084684
0.083131
0.083062
0.133001
0.073505
0.148723
0.188000
0.071863
0.144048
0.185232
0.139861
0.109427
0.086371
0.071006
0.097689
0.100930
0.121882
0.198353
0.130861
0.206599
0.149421
0.220498
0.210864
0.262654
0.146755
0.130014
0.131260
0.168860
0.120679
0.230032
0.115908
0.177774
0.097412
0.078578
0.102760
0.101265
0.194011
0.215544
0.159757
0.172512
0.168747
0.205698
0.378622
0.130863
0.153322
0.262908
0.115910
0.130686
0.196531
0.345205
0.348729
0.443962
0.254323
0.359233
0.362907
0.468267
0.413085
0.207024
0.249472
0.321525
0.379372
0.351097
0.443212
0.218175
0.192807
0.534261
0.845588
0.844263
0.845384
0.828428
0.825962
0.848202
0.836984
0.753079
0.832082
0.843156
0.846639
0.196665
0.220381
0.204648
0.225712
0.158846
0.190729
0.344453
0.152956
0.180683
0.313058
0.161207
0.187833
0.308282
0.411067
0.415051
0.525726
0.328279
0.331629
0.425939
0.242842
0.324191
0.327487
0.422232
0.240387
0.450991
0.206449
0.324248
0.409974
0.537877
0.502771
0.377590
0.246309
0.221943
0.450193
0.548408
0.592067
0.513133
0.564474
0.635023
0.605949
0.645283
0.583569
0.553391
0.432960
0.478760
0.429699
0.408144
0.485730
0.532500
0.478788
0.453679
0.589312
0.630081
0.574326
0.548065
0.657223
0.691251
0.651874
0.620791
0.510646
0.555596
0.506112
0.395188
0.512331
0.306968
0.572084
0.585714
0.302559
0.442157
0.530845
0.501947
0.551891
0.500925
0.550724
0.572369
0.618672
0.528126
0.492261
0.541684
0.489861
0.466514
0.452642
0.498637
0.453767
0.640767
0.677564
0.643284
0.611683
0.402122
0.492520
0.240115
0.550519
0.485825
0.265826
0.626868
0.463283
0.583316
0.397592
0.541658
0.570325
0.589358
0.448208
0.542401
0.511401
0.420572
0.467167
0.473261
0.429807
0.432038
0.657635
0.624421
0.607518
0.492459
0.463496
0.497698
0.392085
0.333252
0.528463
0.468060
0.583826
0.584811
0.530370
0.534191
0.399202
0.575881
0.745706
0.563070
0.589149
0.811095
0.345892
0.821627
0.535030
0.523894
0.570788
0.602505
0.308364
0.388354
0.573289
0.506646
0.348070
0.457705
0.629550
0.632889
0.819243
0.784072
0.446783
0.418546
0.390421
0.322832
0.473896
0.460159
0.458236
0.550932
0.397761
0.529798
0.837301
0.827764
0.839253
0.841876
0.834756
0.791576
0.820582
0.809746
0.661982
0.768678
0.793347
0.747256
