0.083796
0.140760
0.121354
0.154945
0.226142
0.314273
0.222807
0.305196
0.314631
0.288221
0.242058
0.340082
0.274919
0.303822
0.347702
0.178702
0.284083
0.093270
0.271289
0.063819
0.107348
0.067367
0.083114
0.089204
0.178315
0.089855
0.176891
0.307435
0.232643
0.197272
0.280924
0.227813
0.300864
0.330402
0.166202
0.119873
0.266222
0.083329
0.310915
0.205767
0.208228
0.220416
0.182910
0.192624
0.393306
0.202008
0.504122
0.264961
0.441249
0.311747
0.353858
0.358810
0.843331
0.833989
0.841630
0.231745
0.187000
0.197042
0.183394
0.192722
0.412399
0.217761
0.524485
0.283445
0.557342
0.334207
0.317931
0.521154
0.430287
0.560928
0.481160
0.397921
0.524490
0.665214
0.639015
0.539686
0.496200
0.589291
0.591476
0.573598
0.480018
0.628569
0.488798
0.403651
0.551840
0.600163
0.627568
0.509563
0.544308
0.641945
0.645896
0.584877
0.531451
0.486299
0.609754
0.580691
0.650443
0.705383
0.626245
0.662209
0.736312
0.708397
0.710851
0.603139
0.580446
0.767012
0.545685
0.719446
0.551498
0.593622
0.583744
0.566487
0.556449
0.604851
0.749448
0.529375
0.738914
0.797410
0.781100
0.804512
0.590924
0.820209
