0.093328
0.130029
0.126622
0.298164
0.359011
0.273479
0.141803
0.289122
0.303637
0.107876
0.242583
0.310491
0.139914
0.148731
0.080504
0.089261
0.340496
0.328216
0.069005
0.076105
0.076946
0.204656
0.315989
0.122637
0.197164
0.090039
0.213694
0.220724
0.161987
0.171965
0.300708
0.192470
0.223839
0.195765
0.310649
0.498890
0.372923
0.444364
0.279841
0.459250
0.327380
0.306826
0.182047
0.190389
0.266928
0.167955
0.512244
0.297360
0.267110
0.275969
0.525501
0.776049
0.500580
0.363290
0.432849
0.376549
0.350270
0.448307
0.392304
0.220467
0.215431
0.547135
0.325344
0.287296
0.289932
0.376135
0.219246
0.381256
0.524028
0.553981
0.556888
0.566122
0.247339
0.599936
0.524308
0.643881
0.567516
0.524426
0.504885
0.552220
0.225820
0.634325
0.615424
0.522204
0.611341
0.502948
0.626336
0.666283
0.563917
0.472895
0.394639
0.602005
0.678513
0.506468
0.671476
0.487918
0.575409
0.383651
0.678209
0.555279
0.733751
0.494033
0.599255
0.661706
0.743267
0.547625
0.312482
0.431130
0.495051
0.503611
0.802870
0.805390
