0.138761
0.291187
0.135070
0.200719
0.385449
0.079698
0.110266
0.108782
0.239900
0.112543
0.119295
0.148411
0.078827
0.096810
0.096635
0.097222
0.075292
0.485594
0.451639
0.472946
0.473001
0.393477
0.228271
0.285306
0.283519
0.484632
0.256247
0.419791
0.406045
0.793738
0.812216
0.829132
0.836893
0.711210
0.792651
0.513146
0.471990
0.495393
0.495461
0.377534
0.293478
0.217693
0.312678
0.518715
0.242621
0.503420
0.612865
0.650659
0.509531
0.600767
0.594610
0.575074
0.628667
0.488816
0.560576
0.604874
0.633789
0.487672
0.502543
0.466750
0.449803
0.486706
0.391440
0.437456
0.641213
0.818351
0.600622
0.707647
0.417275
0.459092
0.601271
0.818670
0.816735
