0.075133
0.065080
0.084681
0.091223
0.149495
0.216870
0.114671
0.097262
0.073226
0.118792
0.210959
0.076968
0.193845
0.293877
0.099322
0.134686
0.273721
0.179253
0.241919
0.105548
0.316891
0.355988
0.163747
0.114710
0.161545
0.329318
0.072075
0.243606
0.092772
0.205090
0.225718
0.118701
0.253122
0.314990
0.094648
0.234607
0.138172
0.202015
0.121780
0.219476
0.130390
0.314493
0.326913
0.402459
0.365979
0.398896
0.370213
0.234464
0.099909
0.117998
0.239233
0.235607
0.072739
0.109079
0.095504
0.109459
0.306477
0.392109
0.065678
0.130197
0.161473
0.079022
0.057970
0.112271
0.065141
0.172393
0.257032
0.069830
0.156287
0.260763
0.114442
0.122271
0.157478
0.114456
0.285901
0.291377
0.086764
0.073074
0.082204
0.135784
0.205027
0.070699
0.178954
0.282058
0.108523
0.079237
0.120508
0.087330
0.174624
0.143442
0.070962
0.077241
0.152650
0.109205
0.151769
0.102262
0.111561
0.267598
0.527535
0.408329
0.223387
0.433897
0.273353
0.482974
0.418903
0.180395
0.269380
0.303430
0.166647
0.176236
0.461965
0.085706
0.094554
0.488779
0.396495
0.389423
0.161953
0.344091
0.749028
0.838367
0.837645
0.515423
0.795369
0.795390
0.345510
0.768971
0.847245
0.774144
0.794233
0.838638
0.570659
0.587573
0.543181
0.333521
0.438690
0.252262
0.464837
0.358109
0.572955
0.448401
0.232756
0.373161
0.315491
0.172684
0.184874
0.473931
0.092138
0.452740
0.106214
0.532756
0.522609
0.436267
0.440289
0.442630
0.248062
0.339331
0.185886
0.378761
0.395610
0.543755
0.580956
0.596166
0.571899
0.595873
0.677149
0.490997
0.526280
0.538555
0.570383
0.718879
0.475167
0.542557
0.460755
0.538081
0.575189
0.653440
0.619849
0.373759
0.374983
0.705602
0.519081
0.538996
0.602456
0.628290
0.743279
0.759491
0.677217
0.703050
0.710796
0.471296
0.643455
0.425942
0.591916
0.574176
0.625673
0.557110
0.609622
0.687866
0.724685
0.585060
0.601503
0.538276
0.571124
0.660987
0.434203
0.474707
0.474681
0.511514
0.673726
0.600512
0.552372
0.613494
0.545419
0.316661
0.366086
0.670935
0.535914
0.561459
0.684700
0.579221
0.607304
0.468962
0.653251
0.427478
0.592866
0.539300
0.598144
0.494673
0.552777
0.320887
0.632664
0.691891
0.580918
0.657004
0.226275
0.477340
0.559792
0.272218
0.508173
0.582477
0.640212
0.695716
0.585294
0.656963
0.582983
0.583002
0.451915
0.254918
0.664324
0.566161
0.453233
0.236436
0.471990
0.436675
0.581968
0.515710
0.561477
0.393333
0.507333
0.248164
0.532283
0.436271
0.557201
0.271019
0.513913
0.473045
0.404967
0.328559
0.409323
0.526751
0.355506
0.657773
0.529094
0.514401
0.809204
0.721502
0.384786
0.544645
0.639642
0.495903
0.500093
0.402983
0.490549
0.770017
0.682748
0.847384
0.840351
0.821904
0.830892
0.832706
0.842381
0.794266
0.827125
0.837227
0.831601
0.843927
