0.084349
0.218427
0.146963
0.256324
0.334524
0.101951
0.201783
0.141735
0.090427
0.182883
0.197570
0.362599
0.096081
0.088480
0.205666
0.113527
0.087596
0.328906
0.366325
0.382914
0.388289
0.299516
0.072725
0.256428
0.216341
0.204586
0.198523
0.082888
0.103083
0.185927
0.110036
0.097731
0.127215
0.231316
0.065161
0.310579
0.068454
0.064840
0.121334
0.079496
0.075535
0.170014
0.281286
0.186078
0.197880
0.212670
0.640263
0.614477
0.314139
0.528785
0.206503
0.558572
0.231074
0.546221
0.228675
0.622834
0.286840
0.606382
0.537231
0.235915
0.345431
0.630136
0.286672
0.608343
0.262176
0.479063
0.179723
0.295776
0.296217
0.832020
0.706486
0.844681
0.537715
0.267167
0.229853
0.208408
0.247805
0.597674
0.308940
0.538710
0.226517
0.551906
0.240690
0.324841
0.629156
0.299643
0.477839
0.188729
0.268250
0.320744
0.642954
0.554755
0.564119
0.298052
0.573162
0.530752
0.578409
0.494054
0.612577
0.613176
0.455580
0.244147
0.558933
0.559330
0.524388
0.519864
0.587468
0.506166
0.483198
0.545896
0.464652
0.478731
0.580818
0.587061
0.359729
0.533167
0.539497
0.599846
0.549724
0.451164
0.542445
0.552939
0.446667
0.569230
0.469337
0.444250
0.539593
0.446703
0.597007
0.532000
0.580394
0.508764
0.500260
0.429243
0.631597
0.606136
0.584786
0.792731
0.598957
0.623034
0.695960
0.413869
0.419038
0.484544
0.478022
0.775762
0.244792
0.373951
0.515406
0.483755
0.410999
0.831416
0.816001
0.750121
0.592634
0.843800
0.843409
