0.215522
0.163875
0.081694
0.210914
0.196874
0.286348
0.348163
0.118626
0.327382
0.341183
0.406730
0.178738
0.153253
0.154822
0.163227
0.172407
0.322491
0.097665
0.275081
0.162185
0.407028
0.168367
0.417047
0.816838
0.770381
0.806592
0.447393
0.215767
0.469099
0.570411
0.762675
0.653392
0.639810
0.463164
0.621311
0.588222
0.703890
0.655808
0.766721
0.643734
0.528652
0.682307
0.526933
0.540632
0.590524
0.518581
0.411021
0.575073
0.498426
0.662212
0.605319
0.508838
0.785051
0.761687
0.371779
0.842559
