0.084116
0.131274
0.095202
0.105641
0.099200
0.318881
0.369449
0.130044
0.333256
0.080703
0.078207
0.150400
0.068588
0.128758
0.135233
0.089517
0.140288
0.147296
0.157115
0.353140
0.089357
0.133051
0.098447
0.127961
0.167960
0.160711
0.232025
0.082198
0.131013
0.084195
0.118110
0.135160
0.095859
0.351243
0.091876
0.159503
0.294709
0.128330
0.070373
0.132471
0.098076
0.063038
0.116840
0.087443
0.077091
0.147994
0.062691
0.086985
0.066376
0.332933
0.085996
0.067589
0.087937
0.096267
0.109175
0.129803
0.365155
0.207586
0.427897
0.289609
0.446084
0.268840
0.414882
0.232638
0.323237
0.498867
0.419844
0.438621
0.360462
0.425654
0.384975
0.224619
0.472595
0.182677
0.384779
0.500834
0.170019
0.372416
0.371435
0.821032
0.810637
0.812608
0.766319
0.850296
0.846200
0.694639
0.795215
0.434563
0.243699
0.270637
0.472677
0.256817
0.277268
0.427528
0.229288
0.320956
0.484402
0.402694
0.390133
0.317425
0.234387
0.482611
0.381336
0.313878
0.361583
0.305561
0.497434
0.581880
0.211602
0.442604
0.230766
0.469891
0.492523
0.620683
0.502932
0.567100
0.708704
0.573225
0.490063
0.479503
0.600301
0.642972
0.453587
0.589286
0.492746
0.551652
0.352773
0.482324
0.486526
0.548815
0.349022
0.472848
0.540402
0.340179
0.541625
0.398571
0.496271
0.513153
0.533847
0.580253
0.461586
0.490542
0.465314
0.406695
0.611313
0.657888
0.462828
0.518993
0.581471
0.372146
0.556055
0.620695
0.409196
0.580483
0.646174
0.442066
0.563490
0.497235
0.471916
0.501261
0.542060
0.426636
0.519665
0.349837
0.417123
0.584106
0.348862
0.491531
0.415390
0.528527
0.509961
0.559722
0.625049
0.511817
0.529145
0.415547
0.595597
0.606420
0.593762
0.639921
0.522091
0.585954
0.587655
0.547252
0.811498
0.827637
0.589765
0.481441
0.352643
0.608824
0.494017
0.810241
0.742881
0.589265
0.677787
0.817133
0.623060
0.633945
0.646290
0.815712
0.566640
0.433113
0.332552
0.812121
0.512479
0.512473
0.414879
0.711212
0.711205
0.602466
0.841491
0.763403
0.835864
0.828284
0.826592
0.776792
0.831914
0.756254
0.835207
0.848223
0.825035
0.844453
0.844667
0.840330
