0.094571
0.148710
0.178346
0.178924
0.149410
0.179163
0.179742
0.364903
0.301834
0.077396
0.082333
0.224694
0.269781
0.220398
0.279523
0.240971
0.129861
0.193255
0.130664
0.160250
0.295908
0.295294
0.123942
0.195810
0.119360
0.185864
0.145569
0.185825
0.319714
0.150899
0.306036
0.080842
0.256831
0.154585
0.137163
0.162936
0.131238
0.157487
0.159112
0.184027
0.163951
0.081980
0.099428
0.127509
0.108333
0.186402
0.182415
0.188827
0.186829
0.478035
0.211676
0.842600
0.850423
0.824164
0.761238
0.734885
0.803126
0.783824
0.199392
0.256881
0.239390
0.502808
0.254814
0.788302
0.787970
0.748264
0.621557
0.511270
0.729107
0.681164
0.451409
0.707464
0.649828
0.417849
0.707220
0.649867
0.417701
0.516616
0.600433
0.563375
0.545603
0.507020
0.662698
0.629509
0.482252
0.444708
0.344559
0.696909
0.661904
0.431118
0.678371
0.634757
0.402613
0.790873
0.643508
0.590541
0.364131
0.475690
0.590747
0.554139
0.661433
0.626355
0.354387
0.458023
0.503293
0.465058
0.643587
0.411329
0.569174
0.444207
0.476532
0.464954
0.452644
0.538003
0.521245
0.566587
0.541571
0.495809
0.372880
0.508640
0.526349
0.772108
0.460603
0.814559
0.613240
0.770056
0.842616
