0.374647
0.343213
0.353754
0.084111
0.070375
0.106759
0.160987
0.172812
0.071513
0.165099
0.326530
0.177680
0.232592
0.101920
0.117454
0.141077
0.191772
0.201366
0.188525
0.197762
0.108208
0.111580
0.350832
0.066222
0.078740
0.092352
0.169207
0.131429
0.080071
0.119174
0.288072
0.107701
0.187535
0.097900
0.120322
0.132126
0.147174
0.160288
0.148085
0.161026
0.131382
0.069471
0.077108
0.362429
0.488065
0.331063
0.198802
0.269761
0.195655
0.252913
0.227230
0.243671
0.813658
0.850895
0.825428
0.826265
0.838136
0.838081
0.404210
0.490713
0.379470
0.240623
0.309583
0.277044
0.238264
0.272684
0.273017
0.274911
0.537334
0.479922
0.485324
0.490287
0.545525
0.693212
0.728892
0.571237
0.707585
0.557139
0.589418
0.616101
0.649404
0.642688
0.556356
0.431305
0.558071
0.551826
0.453466
0.459127
0.513215
0.572007
0.619129
0.678426
0.633853
0.688889
0.557486
0.518652
0.556828
0.599456
0.615191
0.483386
0.594470
0.578114
0.523185
0.480455
0.561594
0.551933
0.555454
0.396299
0.436629
0.581133
0.581154
0.590094
0.592625
0.477627
0.601833
0.603792
0.578139
0.542549
0.626387
0.508597
0.504669
0.505032
0.575562
0.589928
0.300124
0.363104
0.491722
0.492145
0.387466
0.797340
0.840042
0.780748
0.833658
0.791052
0.655692
0.838435
0.821211
0.768606
