0.189881
0.205965
0.126074
0.101200
0.283732
0.276016
0.314824
0.095096
0.263545
0.110417
0.118729
0.192932
0.361389
0.226377
0.257791
0.275384
0.074421
0.132636
0.147289
0.069461
0.125035
0.197640
0.263505
0.357817
0.455924
0.274523
0.166253
0.223049
0.348617
0.477933
0.089733
0.210764
0.097802
0.085517
0.253730
0.242618
0.149074
0.158915
0.094915
0.103120
0.085839
0.280177
0.158870
0.152813
0.319515
0.075455
0.108313
0.174884
0.322554
0.171171
0.174466
0.099924
0.216343
0.083957
0.175184
0.068650
0.125576
0.135893
0.067279
0.121962
0.407608
0.637463
0.086147
0.161246
0.090381
0.061584
0.186259
0.141571
0.433521
0.433149
0.587098
0.535349
0.490483
0.398697
0.190990
0.480076
0.476042
0.392512
0.372441
0.464041
0.445855
0.386630
0.364421
0.339093
0.220579
0.213529
0.447943
0.397096
0.346350
0.205504
0.469613
0.800337
0.827898
0.751797
0.839743
0.703241
0.848480
0.792705
0.817105
0.846531
0.822808
0.447178
0.439646
0.604861
0.550882
0.532680
0.451638
0.332927
0.388473
0.270392
0.460409
0.312889
0.477337
0.460443
0.398358
0.375887
0.265002
0.214995
0.239099
0.799816
0.278805
0.431268
0.354066
0.355196
0.206195
0.527596
0.570156
0.579935
0.350263
0.577815
0.621391
0.634415
0.383701
0.518907
0.567476
0.584414
0.612733
0.653888
0.666684
0.641641
0.427464
0.491169
0.736492
0.464663
0.411751
0.705826
0.446223
0.657022
0.627894
0.356026
0.656963
0.506214
0.496134
0.488838
0.467704
0.411617
0.519583
0.448009
0.563449
0.732531
0.554516
0.452605
0.556640
0.426834
0.570266
0.480078
0.385675
0.496957
0.511741
0.568482
0.593913
0.341018
0.560883
0.619332
0.653070
0.638463
0.727457
0.467321
0.498864
0.481578
0.329090
0.700625
0.558313
0.623369
0.553171
0.558543
0.386781
0.599848
0.596823
0.526392
0.439121
0.539931
0.441475
0.468384
0.573871
0.438530
0.585508
0.279742
0.394968
0.503323
0.475516
0.394319
0.654122
0.514263
0.534343
0.619185
0.510438
0.568529
0.457213
0.517675
0.412556
0.465757
0.594503
0.425114
0.596041
0.622817
0.513517
0.545864
0.561202
0.648135
0.514492
0.776799
0.570332
0.482100
0.702081
0.413712
0.834866
0.827285
0.800758
0.810424
0.330226
0.463577
0.761706
0.797564
0.662427
0.803464
0.773129
0.744979
0.816164
0.823547
0.848613
0.434800
0.791461
0.770754
0.725826
0.730400
0.767402
0.773131
0.834587
0.840395
0.797535
