0.272218
0.310710
0.178290
0.129397
0.141102
0.181354
0.296207
0.296266
0.301680
0.357557
0.255542
0.171656
0.336016
0.262571
0.312451
0.098827
0.134185
0.284050
0.080707
0.103593
0.264325
0.096349
0.107555
0.094345
0.195142
0.256734
0.261310
0.289024
0.265980
0.296939
0.296690
0.175111
0.511623
0.570114
0.058765
0.059534
0.320604
0.071311
0.374364
0.247826
0.397270
0.180935
0.845823
0.757043
0.622541
0.828811
0.797654
0.839385
0.485329
0.587334
0.586586
0.305119
0.057311
0.270245
0.395152
0.073394
0.348667
0.460939
0.248696
0.623135
0.567339
0.386010
0.454227
0.544951
0.452484
0.477739
0.653994
0.651340
0.405024
0.626107
0.546721
0.448476
0.359532
0.493993
0.593064
0.490137
0.400369
0.521392
0.643022
0.713808
0.564763
0.699046
0.678235
0.706292
0.549445
0.371400
0.357805
0.429392
0.369060
0.602658
0.689595
0.607708
0.415179
0.664499
0.562890
0.463999
0.385840
0.530207
0.433015
0.406438
0.555554
0.649190
0.552230
0.453681
0.369737
0.524173
0.625399
0.417582
0.557317
0.641397
0.636172
0.462531
0.595369
0.620901
0.380969
0.285537
0.367063
0.496795
0.541608
0.418608
0.458220
0.571402
0.618028
0.303887
0.348852
0.338507
0.608055
0.329637
0.559492
0.626423
0.298092
0.523809
0.315117
0.545066
0.290484
0.303285
0.418101
0.654838
0.400575
0.319718
0.404705
0.406020
0.530221
0.484443
0.414996
0.358545
0.618040
0.615485
0.698121
0.510832
0.354090
0.843336
0.740834
0.627415
0.809580
0.559992
0.456671
0.807232
0.782610
0.827739
