0.109590
0.246649
0.167438
0.197437
0.242226
0.114366
0.081444
0.261663
0.217237
0.349509
0.383317
0.095388
0.094882
0.089593
0.089062
0.362664
0.344783
0.104285
0.212578
0.122028
0.168508
0.119709
0.199076
0.094087
0.094862
0.309537
0.076856
0.064819
0.124273
0.259478
0.340294
0.066909
0.247761
0.087276
0.211969
0.137215
0.192587
0.249813
0.248761
0.101036
0.281333
0.298455
0.407255
0.364687
0.345178
0.186481
0.672975
0.554705
0.551587
0.234640
0.421658
0.484147
0.811592
0.713825
0.833987
0.772546
0.823400
0.692475
0.830578
0.844967
0.203347
0.205210
0.262858
0.249876
0.104960
0.458093
0.309792
0.514829
0.439916
0.423324
0.205478
0.699485
0.578808
0.583868
0.246500
0.650593
0.535309
0.530163
0.231519
0.502340
0.536241
0.441670
0.619651
0.483613
0.490687
0.681648
0.366153
0.460169
0.365249
0.670666
0.413175
0.453810
0.449963
0.508817
0.579707
0.476442
0.520095
0.601784
0.279292
0.441920
0.348690
0.719683
0.572724
0.690481
0.384449
0.519015
0.542578
0.553198
0.502969
0.352158
0.464430
0.400170
0.650857
0.568107
0.362103
0.636207
0.453706
0.518601
0.680456
0.528327
0.727063
0.478820
0.468734
0.518631
0.603512
0.541110
0.841356
0.847398
0.734517
0.846003
0.695980
0.819616
0.847684
0.824779
0.844481
