0.138488
0.196641
0.311519
0.238302
0.161611
0.104500
0.201205
0.113093
0.255908
0.309676
0.236882
0.093782
0.063890
0.201781
0.234649
0.391303
0.403249
0.800167
0.842823
0.839965
0.849239
0.774966
0.789908
0.841899
0.265539
0.403681
0.518943
0.553778
0.250915
0.467113
0.635671
0.622768
0.740883
0.725624
0.552448
0.618912
0.489452
0.206257
0.403243
0.534989
0.527189
0.719042
0.702736
0.549964
0.628946
0.483835
0.484946
0.392324
0.602826
0.632741
0.427966
0.683810
0.564295
0.744784
0.821891
0.840194
