0.303174
0.137138
0.189370
0.146773
0.306339
0.249389
0.197146
0.326387
0.083052
0.108146
0.389711
0.341413
0.154596
0.155408
0.142850
0.361987
0.319699
0.369977
0.121975
0.151622
0.221564
0.194578
0.160845
0.309985
0.164050
0.315892
0.343873
0.165329
0.281489
0.092945
0.327309
0.294687
0.183580
0.090572
0.183255
0.090449
0.083560
0.121417
0.222967
0.338743
0.107730
0.108515
0.246720
0.112141
0.098105
0.076145
0.076786
0.098176
0.355405
0.180372
0.230365
0.176149
0.433715
0.488880
0.236665
0.420876
0.206510
0.217804
0.299753
0.242506
0.567109
0.391544
0.262097
0.223391
0.447088
0.445212
0.249984
0.368139
0.763453
0.211259
0.839502
0.766411
0.842067
0.848620
0.779863
0.841766
0.848992
0.830844
0.446665
0.500731
0.247621
0.379577
0.197957
0.502893
0.674182
0.319702
0.258086
0.458450
0.276751
0.338544
0.283425
0.402684
0.401265
0.238054
0.608663
0.680543
0.706273
0.448771
0.665136
0.728220
0.448081
0.664219
0.727628
0.414303
0.625530
0.699324
0.427386
0.613999
0.694074
0.635722
0.545529
0.644173
0.561941
0.599769
0.514110
0.643221
0.562087
0.449824
0.555554
0.381765
0.584539
0.629492
0.667276
0.292077
0.502465
0.609120
0.343799
0.571915
0.667604
0.287867
0.493236
0.599822
0.364833
0.589076
0.379809
0.562898
0.653915
0.514740
0.421126
0.514107
0.420776
0.525688
0.436214
0.502392
0.415428
0.609523
0.421631
0.539685
0.603522
0.533438
0.597610
0.570686
0.633375
0.289040
0.340775
0.536475
0.247678
0.461624
0.632982
0.358508
0.404084
0.526308
0.529688
0.429017
0.613456
0.515161
0.522588
0.423956
0.606007
0.517735
0.505702
0.502019
0.331566
0.501516
0.331548
0.307862
0.340412
0.508892
0.325518
0.488119
0.585352
0.709153
0.492202
0.579607
0.512450
0.602788
0.614232
0.803353
0.805464
0.770640
0.816597
0.840336
0.462270
0.535640
0.592884
0.731195
0.709779
0.804621
0.751385
0.753587
0.527863
0.689530
0.812066
0.762654
0.640465
0.524144
0.572713
0.517476
0.520133
0.435453
0.536887
0.434613
0.840208
0.847442
