0.214409
0.376820
0.308545
0.346695
0.291587
0.324154
0.308147
0.331468
0.342187
0.290665
0.216827
0.271962
0.369748
0.323900
0.287165
0.257184
0.145339
0.319068
0.164890
0.293081
0.184209
0.307576
0.311361
0.260386
0.259231
0.113724
0.288765
0.304739
0.160961
0.243010
0.202529
0.432184
0.209824
0.412825
0.235497
0.460427
0.211541
0.249825
0.168036
0.177012
0.185376
0.393240
0.242652
0.206297
0.730804
0.834671
0.827859
0.828104
0.198793
0.395642
0.219986
0.417668
0.278350
0.520715
0.225302
0.276139
0.193943
0.211999
0.199818
0.395323
0.205081
0.401732
0.271458
0.290633
0.687851
0.634681
0.637160
0.551351
0.513680
0.551018
0.735497
0.669020
0.693275
0.592440
0.602674
0.495682
0.597532
0.557952
0.609155
0.621361
0.513388
0.578476
0.479420
0.532804
0.433668
0.590379
0.489421
0.576783
0.519085
0.524004
0.568777
0.458090
0.751094
0.649260
0.541463
0.697108
0.796647
0.514345
0.373631
0.321008
0.528499
0.468163
0.358699
0.659850
0.810869
0.834279
0.830326
