0.093154
0.099685
0.297081
0.193408
0.099984
0.136900
0.093889
0.150604
0.092911
0.135192
0.193933
0.065209
0.187935
0.074604
0.156078
0.079245
0.161096
0.068108
0.073805
0.153578
0.108488
0.378845
0.164499
0.441667
0.183943
0.840479
0.832885
0.817329
0.788786
0.844404
0.350685
0.200052
0.433467
0.202036
0.566537
0.470730
0.564058
0.517922
0.614949
0.337439
0.478374
0.649131
0.454988
0.620167
0.645238
0.568825
0.469936
0.568156
0.294830
0.498677
0.671455
0.450878
0.613623
0.546721
0.553866
0.512123
0.336265
0.246490
0.243440
0.496090
0.802326
0.821892
