0.090998
0.085171
0.121259
0.093797
0.132774
0.107458
0.097877
0.064750
0.101926
0.100599
0.106730
0.223779
0.106840
0.151001
0.207787
0.074377
0.169509
0.123973
0.076499
0.131088
0.080180
0.084480
0.080469
0.088311
0.072950
0.089684
0.137760
0.075433
0.133368
0.074889
0.084154
0.160061
0.134647
0.134462
0.362061
0.367010
0.389276
0.394451
0.228184
0.253506
0.229407
0.227955
0.258894
0.112091
0.342695
0.400449
0.198165
0.211159
0.386058
0.230409
0.824045
0.775449
0.845153
0.838725
0.660826
0.787337
0.721242
0.827406
0.382747
0.387830
0.408151
0.413373
0.196629
0.218198
0.222805
0.247341
0.353320
0.221444
0.365002
0.350894
0.242259
0.125202
0.386043
0.448235
0.220844
0.251447
0.362118
0.333415
0.445483
0.463843
0.243495
0.560630
0.597539
0.585123
0.557665
0.680587
0.657110
0.583765
0.627073
0.530267
0.606572
0.538121
0.542282
0.573460
0.502881
0.658804
0.374876
0.528062
0.586582
0.581979
0.660027
0.649453
0.561391
0.668272
0.566676
0.645943
0.578545
0.498971
0.596379
0.367092
0.485925
0.573170
0.554001
0.645445
0.539030
0.638396
0.446541
0.544250
0.606195
0.388135
0.584713
0.579405
0.438446
0.530436
0.564272
0.508159
0.495908
0.377898
0.356204
0.433772
0.474732
0.575990
0.480090
0.604091
0.843625
0.811948
0.459293
0.291926
0.473819
0.502794
0.607132
0.436851
0.438305
0.589565
0.572853
0.754852
0.343001
0.434223
0.840131
0.845225
0.789137
0.816439
0.729833
0.682491
0.837513
0.790101
