0.228887
0.344158
0.292586
0.284983
0.324790
0.351002
0.369838
0.355165
0.361736
0.256083
0.305066
0.336664
0.182039
0.171075
0.290749
0.354405
0.128934
0.306342
0.307746
0.335475
0.353713
0.104182
0.127605
0.330323
0.128423
0.163444
0.406225
0.160325
0.333097
0.213209
0.193203
0.305468
0.299423
0.148246
0.282650
0.289248
0.119411
0.155189
0.315632
0.345089
0.078825
0.172879
0.204017
0.291609
0.349950
0.309537
0.191973
0.251357
0.241185
0.277804
0.258925
0.292311
0.103454
0.218633
0.344959
0.258411
0.071406
0.300249
0.079964
0.087192
0.241388
0.077908
0.213921
0.084504
0.178750
0.065459
0.158552
0.142936
0.197301
0.390328
0.243256
0.074899
0.236450
0.350497
0.204484
0.217418
0.234560
0.385033
0.222213
0.396992
0.257988
0.172448
0.490657
0.291628
0.496789
0.433116
0.377447
0.823043
0.832866
0.813619
0.752059
0.823857
0.823601
0.522190
0.822374
0.825531
0.809900
0.845276
0.841195
0.835599
0.342460
0.252516
0.205134
0.248871
0.470821
0.292356
0.430346
0.299009
0.580431
0.180994
0.467982
0.277186
0.665369
0.416913
0.469123
0.291342
0.545228
0.534672
0.412188
0.397450
0.580145
0.538075
0.496016
0.698367
0.612360
0.683088
0.658788
0.590477
0.738976
0.717360
0.665032
0.670910
0.488622
0.407870
0.553143
0.469938
0.527458
0.672726
0.600170
0.484987
0.639342
0.562696
0.719332
0.613865
0.600429
0.365725
0.640479
0.262135
0.466669
0.570655
0.730816
0.730803
0.740156
0.712183
0.712168
0.734741
0.674123
0.674104
0.572676
0.572651
0.617055
0.573791
0.573767
0.618048
0.613726
0.613705
0.661860
0.550181
0.550158
0.694388
0.694376
0.664085
0.664071
0.682057
0.682048
0.724820
0.564650
0.625676
0.525665
0.556210
0.456732
0.627879
0.516232
0.664395
0.659931
0.557512
0.737331
0.721519
0.655952
0.658175
0.625158
0.436980
0.592309
0.506948
0.515963
0.665098
0.587009
0.645989
0.572572
0.612626
0.293491
0.588893
0.294842
0.548272
0.513452
0.431004
0.733160
0.733145
0.730410
0.637899
0.637883
0.697351
0.605046
0.502228
0.615388
0.513221
0.597266
0.601225
0.658672
0.572807
0.406296
0.444815
0.498896
0.480909
0.522268
0.579837
0.536860
0.627565
0.487916
0.538780
0.620553
0.567689
0.621411
0.561049
0.584531
0.515941
0.481384
0.438337
0.394435
0.440519
0.567180
0.367045
0.655497
0.609302
0.584315
0.618995
0.594284
0.735642
0.541136
0.445035
0.520763
0.539161
0.614957
0.811530
0.660354
0.595545
0.539549
0.375747
0.640002
0.757392
0.832294
0.832517
0.698927
0.642049
0.823258
0.844178
0.772108
0.827723
0.829303
