0.162272
0.216460
0.198725
0.274460
0.094045
0.184091
0.104049
0.159383
0.229960
0.157146
0.245837
0.252637
0.132282
0.191390
0.211802
0.157478
0.086021
0.178919
0.369872
0.200343
0.396959
0.210775
0.817060
0.838958
0.791761
0.794418
0.226047
0.439533
0.199805
0.663183
0.575945
0.630934
0.568666
0.678196
0.547900
0.670305
0.455249
0.481672
0.619713
0.452870
0.522789
0.577410
0.609670
0.387072
0.544103
0.536327
0.481884
0.591908
0.591853
0.633985
0.497980
0.235331
0.759458
0.291666
0.774775
0.784523
0.820034
0.819929
0.349589
0.618341
