0.409827
0.140779
0.142122
0.107392
0.077003
0.258139
0.081135
0.500194
0.278993
0.206660
0.159497
0.126747
0.128355
0.373562
0.234515
0.100512
0.119035
0.087081
0.089531
0.078036
0.074243
0.220397
0.166698
0.081335
0.116169
0.319985
0.219011
0.213532
0.093324
0.256582
0.238022
0.198857
0.474511
0.842277
0.225143
0.223193
0.367028
0.509047
0.171708
0.568948
0.515910
0.513358
0.554216
0.651160
0.381796
0.587970
0.686636
0.623616
0.700408
0.444724
0.641224
0.689284
0.734372
0.555651
0.491338
0.697658
0.582690
0.544054
0.574381
0.403436
0.615940
0.684610
0.606143
0.684620
0.439479
0.666645
0.542493
0.514579
0.650651
0.649437
0.566699
0.500657
0.571064
0.621333
0.662431
0.570381
0.550801
0.566324
0.838610
0.812533
0.835580
0.717770
0.624336
0.712225
0.840331
0.758237
0.741706
0.788219
0.805115
