0.219752
0.272855
0.316309
0.291411
0.283697
0.321002
0.173673
0.525092
0.332238
0.312437
0.393126
0.260701
0.415509
0.334431
0.369376
0.174296
0.351781
0.258471
0.107157
0.400578
0.205582
0.276670
0.232709
0.294168
0.302536
0.165675
0.245258
0.375543
0.343131
0.097104
0.087683
0.322930
0.243102
0.250002
0.182773
0.321081
0.221758
0.210724
0.222862
0.533326
0.412766
0.693325
0.758285
0.778970
0.819888
0.844434
0.826931
0.825561
0.829071
0.317881
0.282280
0.202668
0.328759
0.229211
0.419251
0.332680
0.228673
0.565065
0.430006
0.512201
0.688009
0.632204
0.650426
0.696274
0.685997
0.504452
0.570787
0.491212
0.472022
0.609741
0.590108
0.605089
0.669080
0.440378
0.681618
0.604263
0.584893
0.515434
0.495072
0.615692
0.574424
0.581567
0.580287
0.586192
0.547541
0.616929
0.593780
0.557041
0.482492
0.396210
0.546655
0.605728
0.436711
0.478391
0.408009
0.367102
0.581077
0.575694
0.378978
0.674668
0.835961
0.823766
0.830964
0.834022
