0.094690
0.079224
0.096050
0.088229
0.074519
0.368106
0.071035
0.095155
0.086556
0.102512
0.111273
0.132041
0.103365
0.131054
0.278432
0.107908
0.202849
0.244603
0.262509
0.187067
0.135976
0.103832
0.134828
0.076962
0.133357
0.432136
0.355246
0.088870
0.093962
0.071124
0.175353
0.112186
0.114242
0.128089
0.088536
0.102818
0.116750
0.160783
0.175384
0.158962
0.173638
0.134087
0.067787
0.079435
0.122306
0.099084
0.091490
0.248702
0.424967
0.250655
0.446335
0.168473
0.356846
0.454036
0.366633
0.400239
0.481582
0.382145
0.189694
0.213617
0.212499
0.235904
0.182035
0.176430
0.394221
0.214093
0.795839
0.844325
0.843750
0.854789
0.843724
0.795049
0.775782
0.825435
0.421727
0.250038
0.413915
0.243949
0.453131
0.267389
0.445498
0.231993
0.341531
0.430429
0.349775
0.353239
0.431602
0.344328
0.253266
0.278210
0.244707
0.268706
0.204690
0.214952
0.405019
0.220626
0.448712
0.663453
0.441075
0.480577
0.555360
0.563104
0.459855
0.629486
0.549021
0.634614
0.669829
0.500196
0.676306
0.381191
0.388993
0.519466
0.421872
0.602136
0.548532
0.421550
0.521469
0.523964
0.625676
0.675432
0.530002
0.451283
0.470032
0.537171
0.485452
0.388308
0.631787
0.672835
0.399653
0.618106
0.448202
0.625906
0.543204
0.578949
0.593726
0.438544
0.483995
0.589560
0.745380
0.651636
0.621919
0.502653
0.592069
0.586259
0.428673
0.537473
0.474849
0.475316
0.634017
0.358623
0.497182
0.529865
0.550649
0.568258
0.506043
0.592347
0.526642
0.613150
0.582241
0.560832
0.608081
0.578116
0.558870
0.814420
0.716877
0.797055
0.681462
0.622909
0.762533
0.487428
0.437685
0.559530
0.456337
0.553632
0.820834
0.819030
0.836451
0.597107
0.807533
0.651711
0.790966
0.727968
0.745805
0.555524
0.666767
0.778499
0.729848
0.570974
0.506263
0.847229
0.811748
0.839757
0.836743
0.775748
0.837151
0.707136
0.710398
0.673490
0.717346
0.686978
0.736985
