0.124505
0.292932
0.153792
0.299929
0.159894
0.267262
0.329443
0.087734
0.292230
0.239407
0.294443
0.242026
0.118971
0.237761
0.248898
0.250433
0.209844
0.097254
0.252233
0.266816
0.069179
0.183727
0.186146
0.218971
0.214841
0.212272
0.158905
0.186217
0.186088
0.217004
0.405063
0.428657
0.179671
0.498849
0.217480
0.576939
0.571548
0.844092
0.828096
0.791602
0.804011
0.254274
0.221256
0.295626
0.280879
0.227286
0.405973
0.418053
0.185271
0.530674
0.242637
0.680855
0.714911
0.598893
0.660069
0.523273
0.517290
0.640243
0.634713
0.577495
0.643405
0.623946
0.682729
0.549014
0.543382
0.616786
0.611058
0.445071
0.373124
0.559962
0.521866
0.600447
0.573554
0.569262
0.483024
0.377737
0.582941
0.552950
0.515717
0.780824
0.710788
0.544732
0.549712
0.447322
0.835611
0.817629
0.835589
0.821738
