0.154286
0.240321
0.344535
0.293879
0.201207
0.254249
0.466344
0.163363
0.369303
0.302374
0.350155
0.377651
0.317241
0.340355
0.270408
0.338934
0.307679
0.319861
0.105449
0.246971
0.111703
0.153628
0.217342
0.281059
0.313807
0.416264
0.364408
0.081395
0.101280
0.263656
0.439345
0.149515
0.279573
0.231417
0.277161
0.370844
0.356990
0.370658
0.564677
0.256358
0.435191
0.236158
0.364828
0.372701
0.103824
0.286077
0.292094
0.208663
0.203904
0.259894
0.356939
0.285134
0.371501
0.141582
0.227471
0.263156
0.085999
0.221681
0.094796
0.253074
0.318535
0.334367
0.155173
0.412318
0.178201
0.380153
0.089510
0.103403
0.136418
0.281525
0.089123
0.102944
0.135710
0.279350
0.156460
0.143067
0.272161
0.083785
0.252169
0.088972
0.103405
0.138209
0.264805
0.129843
0.123469
0.140754
0.193865
0.359595
0.112744
0.118474
0.136611
0.180260
0.293132
0.329172
0.134051
0.316953
0.399790
0.237008
0.272511
0.289579
0.401446
0.327787
0.412752
0.409468
0.203688
0.254588
0.430162
0.191802
0.201562
0.392366
0.178513
0.215889
0.229357
0.382293
0.200038
0.687614
0.763253
0.847473
0.819946
0.836762
0.781417
0.850711
0.847922
0.826246
0.231885
0.491237
0.334009
0.430878
0.387809
0.466175
0.428217
0.223352
0.262964
0.274224
0.443650
0.271515
0.290224
0.489668
0.243460
0.256467
0.273550
0.430110
0.232804
0.474646
0.516062
0.644564
0.532987
0.586870
0.700268
0.754826
0.749494
0.738812
0.741350
0.491877
0.557201
0.590999
0.516073
0.388558
0.461769
0.599951
0.385079
0.458390
0.594624
0.381773
0.365308
0.437923
0.564088
0.411505
0.489307
0.612617
0.539766
0.604273
0.697624
0.449499
0.522502
0.630215
0.511772
0.583772
0.683011
0.479396
0.554133
0.657799
0.586071
0.570206
0.433545
0.708124
0.733674
0.727075
0.734592
0.481870
0.557624
0.504426
0.579089
0.679068
0.483442
0.560390
0.664254
0.467025
0.468685
0.577614
0.444467
0.531297
0.662531
0.413743
0.576376
0.427075
0.581786
0.366030
0.436128
0.539275
0.352429
0.532255
0.473870
0.553197
0.659069
0.561455
0.515142
0.517380
0.499637
0.483903
0.604710
0.565298
0.611489
0.558444
0.502713
0.578422
0.575315
0.367969
0.477770
0.568535
0.389686
0.567801
0.417257
0.542761
0.639812
0.444250
0.639981
0.396077
0.520050
0.619639
0.423563
0.620199
0.319013
0.423177
0.521246
0.342867
0.522883
0.321965
0.425158
0.522423
0.345455
0.524028
0.425109
0.651088
0.487413
0.374636
0.615251
0.365450
0.541977
0.463694
0.379048
0.550005
0.399439
0.319200
0.495151
0.304688
0.479118
0.511746
0.414329
0.613860
0.815599
0.835590
0.359695
0.499889
0.628387
0.391414
0.324205
0.461383
0.583374
0.356235
0.495164
0.403701
0.754852
0.726101
0.529674
0.399814
0.720170
0.368370
0.486363
0.603137
0.393077
0.708125
0.774791
0.530684
0.401081
0.375939
0.747702
0.472771
0.505762
0.475295
0.846309
0.728943
0.793150
0.714108
0.827048
0.778825
