0.217189
0.190974
0.243491
0.085384
0.267551
0.312415
0.083727
0.184434
0.097725
0.089137
0.202224
0.083358
0.090244
0.144112
0.182357
0.352230
0.090008
0.110128
0.224823
0.161829
0.288949
0.231608
0.208562
0.157915
0.158570
0.157249
0.198666
0.068777
0.098903
0.217481
0.157085
0.285420
0.064680
0.141549
0.062885
0.145128
0.087898
0.071108
0.112726
0.120468
0.071807
0.075188
0.081395
0.084215
0.194519
0.194893
0.204467
0.176382
0.170024
0.474254
0.433906
0.175908
0.393804
0.204928
0.180632
0.173490
0.173806
0.168524
0.418457
0.247133
0.173622
0.190206
0.826215
0.859164
0.857522
0.851569
0.835555
0.189367
0.207617
0.521069
0.498329
0.196578
0.423212
0.211516
0.221793
0.483991
0.195098
0.187137
0.216518
0.209391
0.227083
0.443542
0.262226
0.204037
0.223694
0.453504
0.493473
0.342807
0.311106
0.639632
0.619885
0.615415
0.679743
0.492600
0.422463
0.694257
0.724066
0.554213
0.483111
0.626877
0.681137
0.556408
0.655211
0.619680
0.671052
0.533666
0.489345
0.733021
0.753892
0.548387
0.658791
0.603036
0.615421
0.511496
0.548326
0.386159
0.345601
0.559988
0.594983
0.430540
0.379931
0.466556
0.502495
0.351549
0.318848
0.465402
0.501146
0.350922
0.318415
0.672157
0.694478
0.517901
0.453923
0.623855
0.687432
0.495727
0.425050
0.582096
0.651991
0.451771
0.389049
0.641242
0.692077
0.499851
0.606034
0.616617
0.640248
0.491716
0.444255
0.637394
0.615510
0.382308
0.382186
0.715042
0.731114
0.690574
0.688942
0.805555
0.812182
0.804497
0.810918
0.616579
0.554197
0.478202
0.508195
0.546642
0.578958
0.538884
0.475769
0.595621
0.434413
0.434342
0.809210
0.554159
0.774407
0.568291
0.411966
0.407372
0.484573
0.704940
0.551048
0.666055
0.565450
0.702626
0.519220
0.694563
0.638024
0.644206
0.825807
0.800445
0.615372
0.821074
0.842746
