0.296373
0.294051
0.396481
0.355670
0.177423
0.158397
0.298607
0.315758
0.334047
0.339008
0.216683
0.287171
0.337307
0.333174
0.100453
0.102323
0.224937
0.291425
0.329683
0.294874
0.333291
0.832525
0.844577
0.823417
0.552641
0.696871
0.640179
0.454547
0.611130
0.530843
0.654608
0.517555
0.595498
0.708990
0.582637
0.603675
0.715340
0.590412
0.580025
0.515899
0.668843
0.393517
0.544377
0.554179
0.674467
0.542179
0.591612
0.703651
0.574688
0.569543
0.682623
0.545925
0.643209
0.538369
0.437936
0.573879
0.605015
0.580623
0.837687
0.839127
0.816495
0.828940
0.809359
0.819378
0.814022
