0.154586
0.231200
0.176873
0.109197
0.213487
0.219112
0.086693
0.099507
0.233734
0.148587
0.183185
0.205404
0.199011
0.216162
0.231850
0.112998
0.157692
0.261501
0.067919
0.073952
0.245267
0.190312
0.197804
0.167815
0.188434
0.183710
0.268252
0.240732
0.208520
0.269276
0.230716
0.200875
0.240593
0.225101
0.803612
0.842592
0.278526
0.250268
0.280457
0.235539
0.287649
0.247445
0.295220
0.234697
0.268480
0.613005
0.613049
0.653341
0.653381
0.477918
0.477454
0.546668
0.639368
0.528799
0.528874
0.535666
0.535740
0.540388
0.540381
0.491355
0.491348
0.419812
0.491038
0.529110
0.626228
0.415221
0.425094
0.497995
0.486059
0.587025
0.536801
0.492867
0.461628
0.555870
0.524527
0.573448
0.588960
0.376288
0.516451
0.443132
0.495048
0.462083
0.623707
0.803801
0.438567
0.803801
0.438568
0.843785
0.785890
0.734213
0.786011
0.734390
0.827146
0.791150
0.802417
