0.225235
0.304146
0.272377
0.298810
0.305513
0.269951
0.302157
0.365466
0.245328
0.295151
0.167891
0.177232
0.280277
0.274284
0.155366
0.336270
0.180735
0.280933
0.279661
0.284474
0.302036
0.563708
0.188471
0.600551
0.218117
0.261918
0.559439
0.183677
0.567766
0.202510
0.452876
0.822369
0.807603
0.738664
0.571157
0.203899
0.231777
0.601319
0.226693
0.272065
0.519023
0.181437
0.613951
0.228585
0.409612
0.558436
0.541867
0.706811
0.559582
0.644690
0.512615
0.700299
0.627061
0.727423
0.648120
0.544469
0.675016
0.550530
0.640103
0.460358
0.614985
0.498872
0.732795
0.652565
0.441230
0.401510
0.540224
0.814555
0.785979
0.552204
0.314555
0.543528
0.527467
0.740423
0.548485
0.697015
0.704181
0.825403
