0.308381
0.073080
0.131580
0.108309
0.183845
0.512635
0.090729
0.349324
0.174922
0.079463
0.098841
0.167879
0.238831
0.084001
0.132481
0.103274
0.143495
0.320046
0.076397
0.071985
0.170697
0.170414
0.186088
0.176539
0.183266
0.189846
0.179511
0.186141
0.190208
0.806502
0.766829
0.850482
0.777769
0.847512
0.143535
0.139272
0.143313
0.233710
0.692222
0.494825
0.593236
0.685725
0.602090
0.679224
0.604065
0.496262
0.309904
0.490166
0.539521
0.662805
0.510491
0.566824
0.593673
0.597077
0.513030
0.248605
0.487753
0.513648
0.387840
0.436922
0.521407
0.554377
0.552290
0.353204
0.480772
0.337609
0.402164
0.348106
0.592109
0.571515
0.509425
0.375128
0.510984
0.357197
0.428930
0.372986
0.618942
0.581844
0.341607
0.620362
0.351345
0.571729
0.460405
0.438574
0.566216
0.355146
0.413231
0.363395
0.584398
0.555629
0.349398
0.406169
0.357610
0.575783
0.422034
0.628516
0.587291
0.576338
0.842678
0.820825
0.835601
0.800554
0.816780
0.840818
0.695124
