0.100484
0.173309
0.160731
0.163884
0.161677
0.164846
0.159410
0.294173
0.382904
0.263885
0.156861
0.214169
0.097039
0.097256
0.074669
0.074842
0.128891
0.083863
0.078749
0.145042
0.213955
0.188896
0.166191
0.086502
0.378324
0.396770
0.224707
0.210455
0.174630
0.244342
0.206497
0.159065
0.204221
0.340538
0.127398
0.126544
0.178268
0.126861
0.178591
0.150170
0.105997
0.337405
0.200325
0.123966
0.124352
0.136083
0.169411
0.075525
0.186878
0.066694
0.069549
0.159528
0.090622
0.151487
0.071108
0.309184
0.340936
0.095130
0.186134
0.115710
0.113488
0.172768
0.140665
0.202827
0.110431
0.159799
0.304960
0.212552
0.469914
0.440969
0.441641
0.458706
0.471311
0.468749
0.400160
0.402712
0.290604
0.229771
0.397878
0.277021
0.296185
0.209947
0.206831
0.367692
0.483368
0.187238
0.463865
0.105048
0.603635
0.135113
0.473906
0.228915
0.326835
0.231070
0.478092
0.483110
0.463084
0.850691
0.840370
0.836062
0.836165
0.785900
0.786319
0.825631
0.845260
0.239496
0.465317
0.511411
0.466684
0.340668
0.477896
0.358776
0.465143
0.467454
0.341407
0.478665
0.359508
0.466025
0.329495
0.237415
0.252871
0.390627
0.326280
0.211921
0.247730
0.205935
0.240661
0.468867
0.466137
0.177994
0.485289
0.523894
0.114855
0.586947
0.135673
0.238618
0.320935
0.298603
0.531354
0.491887
0.496572
0.539259
0.538817
0.619628
0.539483
0.539054
0.617654
0.540978
0.540559
0.617169
0.611644
0.611267
0.587013
0.586658
0.654023
0.614477
0.614097
0.615542
0.615103
0.565759
0.435015
0.442579
0.504058
0.612428
0.533566
0.686290
0.537848
0.537663
0.578701
0.537348
0.537171
0.577281
0.491339
0.491129
0.530938
0.542049
0.541894
0.577240
0.538654
0.442486
0.501781
0.358234
0.536377
0.472289
0.692839
0.621495
0.621302
0.576591
0.625039
0.727302
0.550620
0.551134
0.473357
0.564162
0.574157
0.572036
0.485504
0.487556
0.503460
0.325171
0.462258
0.500480
0.533480
0.476000
0.491098
0.354271
0.498369
0.761834
0.589557
0.481245
0.430596
0.640987
0.413653
0.793526
0.459497
0.566382
0.718868
0.389981
0.636568
0.509722
0.672399
0.524887
0.550131
0.825271
0.753429
0.570840
0.461422
0.832532
0.750357
0.691340
0.492780
0.688514
0.612334
0.581313
0.694233
0.691268
0.838428
0.808132
0.818206
0.808344
0.818396
0.715348
