0.194283
0.282703
0.349719
0.240214
0.396194
0.276467
0.222278
0.260060
0.351585
0.235470
0.261844
0.180377
0.284736
0.140752
0.217710
0.283740
0.375461
0.448685
0.300082
0.311913
0.323002
0.240425
0.216833
0.102624
0.269019
0.280943
0.179611
0.165785
0.309665
0.127721
0.202438
0.148480
0.092135
0.217651
0.313346
0.249018
0.240549
0.440747
0.521410
0.502869
0.247187
0.456087
0.183658
0.329122
0.190928
0.468459
0.708145
0.822831
0.821763
0.714100
0.810660
0.821809
0.803683
0.654200
0.654371
0.831244
0.659510
0.442503
0.592744
0.210889
0.521020
0.282507
0.477844
0.374307
0.197425
0.274518
0.380344
0.568239
0.449148
0.572101
0.676290
0.607300
0.692466
0.583090
0.327437
0.771957
0.484762
0.604689
0.617731
0.286674
0.728749
0.617696
0.325479
0.740289
0.670291
0.590306
0.580318
0.482332
0.601827
0.516294
0.532394
0.680175
0.577384
0.694053
0.583603
0.245335
0.277051
0.717850
0.581081
0.479907
0.635339
0.543315
0.644123
0.558634
0.590250
0.484965
0.538226
0.494221
0.639532
0.620105
0.506519
0.541272
0.560751
0.491187
0.639782
0.604507
0.599012
0.550390
0.561064
0.408778
0.342728
0.540297
0.503996
0.758458
0.785967
0.801927
0.533963
0.835667
0.813207
0.576121
0.560807
0.771151
