0.365929
0.161893
0.358175
0.081077
0.190934
0.179077
0.139870
0.185387
0.126576
0.101943
0.085122
0.184309
0.088760
0.109226
0.330651
0.146338
0.057729
0.204855
0.139485
0.104755
0.061011
0.137051
0.110613
0.117139
0.128756
0.075594
0.156109
0.068692
0.478799
0.234340
0.377373
0.257442
0.158672
0.185250
0.199578
0.215676
0.164466
0.177061
0.296581
0.835577
0.797335
0.803479
0.844393
0.845531
0.306260
0.411157
0.459600
0.271013
0.196370
0.393617
0.208627
0.435657
0.231818
0.173255
0.200582
0.216345
0.271243
0.639319
0.635657
0.783530
0.782912
0.477147
0.391651
0.395456
0.645026
0.611946
0.608518
0.610143
0.511580
0.484261
0.411390
0.403257
0.555271
0.500008
0.356312
0.327911
0.481558
0.554517
0.583821
0.481383
0.580900
0.383659
0.394647
0.479120
0.376873
0.387667
0.470186
0.400341
0.812592
0.523626
0.489928
0.477275
0.590698
0.476403
0.586834
0.588245
0.578857
0.711912
0.510586
0.807316
0.839068
0.832290
0.832564
