0.250603
0.263456
0.213960
0.264342
0.216724
0.217379
0.100736
0.083252
0.282495
0.088115
0.293829
0.105789
0.113208
0.263117
0.183310
0.232788
0.219773
0.201062
0.156847
0.229817
0.071175
0.196894
0.070682
0.090345
0.244467
0.215007
0.354810
0.494349
0.212268
0.397356
0.369169
0.212348
0.222268
0.771760
0.804932
0.747899
0.799639
0.243997
0.350013
0.557429
0.399100
0.249531
0.388252
0.642839
0.453279
0.239512
0.278671
0.493501
0.726766
0.576550
0.572228
0.695924
0.695051
0.543001
0.560650
0.464457
0.514027
0.514680
0.675577
0.691812
0.525610
0.599448
0.392595
0.577652
0.488867
0.545898
0.330919
0.398068
0.484227
0.536128
0.510099
0.552561
0.451607
0.419266
0.507003
0.701725
0.763153
0.835617
