0.112684
0.336912
0.162686
0.091323
0.459950
0.096396
0.399769
0.088665
0.086647
0.143334
0.097039
0.138269
0.170272
0.111959
0.161833
0.172483
0.113724
0.164351
0.066907
0.163411
0.209604
0.069989
0.161493
0.086888
0.111245
0.109781
0.122441
0.160671
0.184441
0.153199
0.177075
0.210429
0.174245
0.145804
0.068162
0.078225
0.115913
0.063988
0.073154
0.109775
0.183336
0.112909
0.103769
0.097171
0.114366
0.170995
0.151521
0.156665
0.150449
0.101179
0.156745
0.135626
0.127175
0.126014
0.149459
0.091339
0.086562
0.090488
0.083604
0.079577
0.071269
0.063316
0.125809
0.103758
0.133447
0.163021
0.108423
0.123747
0.150991
0.102714
0.197037
0.126334
0.071822
0.184141
0.100816
0.101408
0.101324
0.137117
0.127919
0.134788
0.169454
0.151684
0.086067
0.065492
0.075218
0.112536
0.063080
0.072335
0.108804
0.131516
0.101362
0.060781
0.069913
0.105081
0.269406
0.119510
0.307450
0.071381
0.092773
0.089388
0.059821
0.128994
0.103942
0.195847
0.133272
0.086647
0.336409
0.230206
0.405584
0.229561
0.254785
0.355138
0.261034
0.208535
0.215346
0.343906
0.285046
0.325936
0.212325
0.280208
0.238087
0.152303
0.178266
0.209522
0.393721
0.423093
0.226383
0.249314
0.236579
0.215458
0.385576
0.376533
0.148643
0.848203
0.851186
0.835510
0.839524
0.782867
0.816971
0.805259
0.760568
0.852985
0.831858
0.779247
0.845944
0.654164
0.689907
0.800619
0.820798
0.832190
0.754179
0.849182
0.245022
0.264153
0.237960
0.413067
0.333597
0.389507
0.327030
0.324065
0.369263
0.312430
0.312624
0.513065
0.336742
0.322876
0.261895
0.265124
0.270597
0.261395
0.259003
0.222993
0.186581
0.228154
0.291624
0.440432
0.225009
0.303347
0.239481
0.392126
0.228976
0.432821
0.229194
0.207866
0.217415
0.199801
0.473342
0.267422
0.243336
0.442926
0.379632
0.204641
0.317325
0.557919
0.453031
0.449753
0.396418
0.385777
0.745167
0.678613
0.470831
0.591170
0.588232
0.593515
0.476451
0.553034
0.430469
0.543321
0.664497
0.512514
0.477511
0.646569
0.457940
0.529786
0.596597
0.630124
0.521992
0.591807
0.630385
0.519265
0.589914
0.630193
0.552319
0.608775
0.720230
0.514536
0.630605
0.594553
0.419280
0.707395
0.484543
0.602482
0.571938
0.396761
0.670336
0.420415
0.530500
0.349195
0.684061
0.458159
0.554893
0.550073
0.374347
0.517562
0.546710
0.503230
0.545797
0.488367
0.599374
0.553524
0.580333
0.480436
0.662377
0.549497
0.657130
0.656948
0.621510
0.613135
0.506160
0.347074
0.443551
0.740943
0.623608
0.568100
0.457086
0.455696
0.444429
0.464995
0.492247
0.577967
0.449939
0.424654
0.614270
0.408915
0.478606
0.678018
0.463982
0.598424
0.606883
0.627488
0.628274
0.433325
0.510574
0.558168
0.516218
0.592147
0.638056
0.503915
0.583631
0.635783
0.727428
0.510945
0.630247
0.601446
0.417752
0.718667
0.489402
0.610693
0.402132
0.669359
0.407402
0.518116
0.336626
0.619504
0.407994
0.492018
0.489642
0.328353
0.605962
0.646654
0.544469
0.552052
0.609720
0.705128
0.545784
0.489672
0.762326
0.630131
0.548284
0.543962
0.627493
0.478922
0.632611
0.573217
0.408951
0.681138
0.590509
0.543581
0.538509
0.525753
0.628827
0.548898
0.629527
0.521139
0.545679
0.457140
0.481140
0.511662
0.534084
0.634308
0.650299
0.531916
0.622914
0.398843
0.385327
0.495424
0.472243
0.580338
0.404450
0.531107
0.466783
0.571898
0.396463
0.481637
0.564384
0.545123
0.434666
0.579286
0.373723
0.419204
0.470504
0.444284
0.494413
0.641110
0.531699
0.488588
0.469018
0.657825
0.514050
0.622098
0.446803
0.458996
0.506628
0.674560
0.505329
0.467256
0.737843
0.506599
0.611623
0.665583
0.458236
0.392989
0.491109
0.624473
0.471391
0.571659
0.581111
0.736574
0.784787
0.570285
0.396425
0.838957
0.701662
0.600970
0.508509
0.544082
0.456090
0.444291
0.440358
0.524970
0.597790
0.479362
0.311258
0.298667
0.372013
0.802783
0.814018
0.426107
0.374957
0.548221
0.647005
0.847291
0.694664
0.827155
0.831807
0.778664
0.782763
0.789875
0.812679
0.731282
0.738752
0.800530
0.820961
0.689738
0.800716
0.813001
0.834223
0.846675
0.625216
0.822787
0.764302
0.830663
0.831258
0.750444
0.807172
0.808186
0.813114
0.553764
0.816104
0.698535
0.831718
0.832185
0.684782
0.779909
0.806994
0.793154
