0.190429
0.207668
0.368101
0.078511
0.073958
0.222482
0.088328
0.112068
0.283157
0.144838
0.096525
0.147632
0.207183
0.119099
0.096057
0.158483
0.131374
0.094971
0.079000
0.089916
0.075512
0.085994
0.138657
0.074351
0.103536
0.121412
0.122423
0.317666
0.324838
0.116315
0.313938
0.441784
0.383507
0.462189
0.464110
0.179071
0.110643
0.086478
0.080992
0.091600
0.252234
0.103627
0.087185
0.098608
0.263426
0.122733
0.144861
0.166102
0.326613
0.389753
0.421461
0.083629
0.156114
0.166222
0.250599
0.258582
0.244354
0.301062
0.064110
0.176696
0.074547
0.088263
0.240282
0.120100
0.124775
0.120064
0.109422
0.091034
0.130914
0.139532
0.153195
0.141692
0.167067
0.074096
0.101130
0.095487
0.126987
0.116942
0.248423
0.298624
0.352279
0.075835
0.088397
0.091213
0.264650
0.093751
0.096983
0.157354
0.272272
0.094997
0.153338
0.267178
0.107760
0.158811
0.260307
0.312544
0.069158
0.107024
0.099200
0.107877
0.226174
0.203828
0.186259
0.188762
0.483196
0.187372
0.209565
0.221847
0.539590
0.186400
0.337426
0.355022
0.252468
0.293590
0.520085
0.257115
0.519833
0.429708
0.636666
0.260352
0.473950
0.835166
0.767189
0.810643
0.836700
0.809696
0.821116
0.811247
0.844336
0.815573
0.822183
0.850480
0.821101
0.779667
0.799530
0.799036
0.777346
0.840618
0.844493
0.834523
0.828362
0.308534
0.618617
0.267300
0.201364
0.503368
0.182916
0.211639
0.519467
0.214482
0.226528
0.538485
0.194059
0.210169
0.350849
0.351607
0.408892
0.252845
0.329986
0.283433
0.285783
0.461678
0.507798
0.507243
0.550686
0.547563
0.530242
0.288674
0.664880
0.252240
0.480273
0.568799
0.673044
0.443380
0.563574
0.538046
0.649601
0.530924
0.643626
0.662322
0.743481
0.487771
0.664613
0.489246
0.594533
0.665630
0.589804
0.728944
0.569944
0.627969
0.542759
0.453203
0.557788
0.488351
0.605419
0.667652
0.630654
0.523027
0.501749
0.745956
0.533375
0.633240
0.759123
0.562425
0.655189
0.736710
0.531189
0.634442
0.754791
0.797772
0.763807
0.425777
0.570689
0.578997
0.498712
0.570157
0.578507
0.498798
0.612199
0.621378
0.537532
0.607501
0.616776
0.541387
0.587877
0.596960
0.542593
0.514930
0.697607
0.706089
0.659944
0.546261
0.540211
0.592282
0.542822
0.589731
0.420959
0.541825
0.623446
0.715706
0.508237
0.688307
0.593490
0.673604
0.490967
0.664630
0.593918
0.595222
0.555619
0.405937
0.522950
0.478501
0.417742
0.725359
0.544903
0.650692
0.694570
0.507074
0.620623
0.699527
0.539683
0.649114
0.805344
0.507069
0.581978
0.591350
0.514450
0.579998
0.589748
0.522171
0.488564
0.494769
0.463790
0.666854
0.675910
0.644550
0.587673
0.567107
0.596201
0.566321
0.591905
0.399355
0.600858
0.664183
0.577586
0.646773
0.563696
0.635360
0.482979
0.588591
0.425664
0.467560
0.616215
0.419950
0.478055
0.624746
0.431336
0.513089
0.656393
0.468639
0.428308
0.477251
0.503139
0.495736
0.320668
0.636334
0.656671
0.450606
0.689086
0.633616
0.422288
0.659903
0.664718
0.474362
0.679325
0.698515
0.749917
0.508570
0.551007
0.510834
0.548604
0.428449
0.459852
0.634804
0.637609
0.470604
0.661970
0.508670
0.550174
0.512251
0.546155
0.565805
0.626416
0.568607
0.544237
0.781540
0.798461
0.774507
0.567926
0.555177
0.502603
0.723705
0.464416
0.472582
0.561711
0.430800
0.593772
0.505028
0.425535
0.568722
0.371461
0.847034
0.807580
0.826900
0.836735
0.845744
0.841202
0.829453
0.776709
0.775222
0.830358
0.740644
