0.175000
0.378721
0.402469
0.184908
0.177281
0.125607
0.084755
0.167892
0.204341
0.262853
0.222592
0.256765
0.219619
0.330862
0.240236
0.110813
0.344589
0.309574
0.216067
0.081704
0.135741
0.152286
0.301930
0.105176
0.118261
0.118833
0.131770
0.140544
0.158739
0.345670
0.403326
0.316060
0.294892
0.150093
0.419246
0.478534
0.388995
0.360737
0.186344
0.733525
0.832030
0.202745
0.338894
0.389926
0.312083
0.292175
0.156846
0.402919
0.458518
0.373946
0.349198
0.188045
0.631053
0.780658
0.733824
0.616255
0.596337
0.728039
0.555813
0.614925
0.777364
0.496744
0.618942
0.680653
0.595145
0.365342
0.408236
0.396590
0.573560
0.637997
0.385897
0.806215
0.781251
0.790214
0.828422
0.736376
0.667725
0.694482
0.613601
0.709775
0.777008
0.716279
0.413082
0.414400
0.808148
0.792500
0.767426
