0.123771
0.111080
0.122865
0.094787
0.339775
0.227838
0.244799
0.114633
0.089786
0.306278
0.104481
0.208679
0.209632
0.111182
0.131368
0.073389
0.101211
0.067048
0.303137
0.162992
0.199911
0.096441
0.105282
0.122756
0.439933
0.257606
0.256815
0.437059
0.283717
0.204647
0.415782
0.227225
0.421155
0.428550
0.828473
0.390409
0.424175
0.248937
0.451062
0.267871
0.511692
0.412651
0.599819
0.543895
0.575956
0.695383
0.578998
0.409002
0.715224
0.578719
0.639257
0.518620
0.593175
0.708432
0.558940
0.380915
0.716058
0.563933
0.555565
0.236424
0.396965
0.361035
0.309242
0.495739
0.479872
0.558772
0.843514
0.735000
0.832578
