0.203736
0.238915
0.160622
0.232216
0.367912
0.170849
0.290466
0.120758
0.166488
0.231424
0.220567
0.204827
0.113560
0.157729
0.135220
0.178163
0.098010
0.236877
0.079571
0.212332
0.210495
0.224208
0.090833
0.201580
0.200995
0.213454
0.112685
0.125216
0.178046
0.241261
0.468088
0.281455
0.254525
0.192818
0.194663
0.096307
0.092755
0.470552
0.817999
0.830537
0.814392
0.262736
0.486651
0.219676
0.304172
0.325713
0.193923
0.175461
0.113668
0.432039
0.125527
0.548377
0.499570
0.630159
0.527689
0.444955
0.315363
0.308945
0.551117
0.547228
0.396652
0.394220
0.641473
0.525437
0.501782
0.573252
0.511420
0.332784
0.338151
0.610538
0.463641
0.300592
0.305115
0.565445
0.406183
0.532001
0.589529
0.469075
0.624155
0.510082
0.556311
0.517229
0.528480
0.568142
0.437935
0.552231
0.534745
0.836250
0.833924
0.560405
0.522919
0.839102
0.836351
0.827179
0.824694
0.837639
0.739150
0.695339
0.822844
0.809040
