0.089155
0.108425
0.139644
0.118909
0.162821
0.112103
0.115575
0.111956
0.152418
0.070439
0.070468
0.083949
0.074585
0.119804
0.106750
0.168022
0.113433
0.178832
0.087603
0.107403
0.251314
0.101804
0.084067
0.318120
0.287664
0.356979
0.104520
0.107883
0.083859
0.114977
0.083915
0.078671
0.106875
0.071016
0.082641
0.069162
0.074951
0.192986
0.070571
0.175423
0.065470
0.132003
0.271614
0.070160
0.231544
0.432358
0.288613
0.538731
0.474445
0.712384
0.841936
0.846562
0.814195
0.837633
0.423396
0.363210
0.584135
0.542459
0.474165
0.589342
0.598813
0.605864
0.466926
0.484985
0.460093
0.468294
0.477786
0.414191
0.430961
0.511112
0.580452
0.672881
0.663920
0.627683
0.575159
0.610306
0.608581
0.464634
0.473586
0.484147
0.458172
0.477136
0.449394
0.457896
0.467825
0.401984
0.418969
0.650936
0.572989
0.683108
0.552447
0.602740
0.608480
0.463323
0.457620
0.449686
0.441060
0.399484
0.492083
0.628411
0.549135
0.565662
0.391070
0.573108
0.608339
0.649310
0.811488
0.807020
0.728947
0.796220
0.768137
0.833797
0.829276
