0.185758
0.150344
0.187138
0.151857
0.162970
0.203603
0.172396
0.199849
0.452775
0.154797
0.301574
0.270985
0.087717
0.376382
0.105700
0.093642
0.130191
0.109390
0.135413
0.113583
0.145249
0.130190
0.113625
0.132090
0.281099
0.202854
0.074477
0.313993
0.119788
0.142993
0.199292
0.197475
0.520556
0.179712
0.502192
0.167416
0.349686
0.244008
0.235750
0.234411
0.841589
0.824976
0.200887
0.499500
0.215368
0.544217
0.207415
0.229559
0.400284
0.248657
0.305394
0.561489
0.429296
0.653281
0.636896
0.589256
0.595733
0.434643
0.610483
0.634185
0.501986
0.510356
0.505019
0.430384
0.497139
0.549091
0.472819
0.489116
0.557022
0.394163
0.565107
0.800347
0.472521
0.445125
0.441640
0.578734
0.428011
0.382740
0.845160
0.794281
