0.119449
0.206624
0.157696
0.116887
0.203967
0.153342
0.186811
0.241821
0.133438
0.166663
0.208831
0.255716
0.190195
0.344453
0.290823
0.168643
0.362473
0.146691
0.302815
0.145704
0.280344
0.264571
0.275434
0.187791
0.075651
0.129671
0.141356
0.071429
0.124419
0.134706
0.175036
0.226644
0.161917
0.109963
0.112352
0.125190
0.127965
0.167106
0.115831
0.118480
0.105257
0.276497
0.294770
0.092268
0.283581
0.154882
0.087518
0.315498
0.383436
0.203230
0.088909
0.239551
0.225519
0.171438
0.265416
0.187137
0.197073
0.193529
0.293150
0.210193
0.221385
0.197708
0.299440
0.215123
0.225619
0.419732
0.306003
0.362605
0.399735
0.219405
0.243165
0.216210
0.414176
0.566317
0.280838
0.409806
0.481670
0.842043
0.732675
0.779120
0.832688
0.767008
0.837552
0.842825
0.366301
0.522261
0.387199
0.209670
0.228599
0.355679
0.254029
0.258328
0.240337
0.264511
0.398410
0.293704
0.293062
0.228777
0.349084
0.253827
0.255448
0.459160
0.237654
0.213534
0.254893
0.142909
0.425639
0.571314
0.371085
0.527213
0.468473
0.719588
0.657893
0.707041
0.484108
0.343457
0.464565
0.723747
0.719448
0.586161
0.560535
0.574747
0.557650
0.644768
0.451547
0.555609
0.655350
0.706087
0.528866
0.548997
0.550076
0.559080
0.584395
0.495371
0.514910
0.515316
0.527728
0.556443
0.514451
0.529084
0.572208
0.492735
0.506187
0.553613
0.427817
0.444515
0.443137
0.446827
0.498752
0.509359
0.509754
0.524956
0.550982
0.493747
0.513377
0.513731
0.529243
0.555626
0.564058
0.586679
0.586217
0.584881
0.637179
0.519629
0.584166
0.575351
0.457481
0.619385
0.533014
0.594227
0.457177
0.643368
0.520949
0.580970
0.573745
0.638715
0.333964
0.516567
0.332675
0.584186
0.390450
0.463644
0.553055
0.583065
0.584298
0.292200
0.277488
0.496478
0.495740
0.448287
0.558539
0.412644
0.412667
0.462589
0.466610
0.415983
0.416200
0.437778
0.466143
0.759273
0.592184
0.634507
0.474947
0.505958
0.811992
0.704414
0.806332
0.519697
0.458905
0.583110
0.532892
0.576033
0.439707
0.369952
0.837855
0.699034
0.848277
0.729168
0.594977
0.776307
0.779945
0.836666
0.830649
0.803132
0.821142
