0.111845
0.303139
0.302175
0.327535
0.326357
0.233995
0.303654
0.223406
0.356880
0.351974
0.171437
0.253640
0.344129
0.261981
0.155953
0.163803
0.110007
0.068118
0.237249
0.291054
0.160277
0.262565
0.296173
0.188809
0.166263
0.217919
0.121693
0.079433
0.118504
0.365716
0.404834
0.179629
0.334839
0.187205
0.197929
0.490567
0.193086
0.798202
0.671653
0.796444
0.667364
0.795623
0.665344
0.795052
0.664003
0.822391
0.427833
0.430193
0.557984
0.253950
0.431637
0.334958
0.234608
0.259859
0.355772
0.556382
0.239276
0.416447
0.579915
0.582501
0.579699
0.578327
0.578056
0.632893
0.760915
0.594359
0.522716
0.519292
0.646470
0.567050
0.543755
0.500668
0.364042
0.496215
0.498986
0.407572
0.289811
0.289972
0.513723
0.291046
0.565351
0.764441
0.721061
0.344172
0.465025
0.345243
0.429932
0.743968
0.826548
0.826553
