0.299711
0.076839
0.139422
0.318877
0.301908
0.429913
0.428848
0.512051
0.122211
0.163923
0.095460
0.233772
0.130524
0.344265
0.168651
0.195302
0.191786
0.082420
0.168145
0.092328
0.310696
0.076106
0.085302
0.077581
0.079119
0.085669
0.087359
0.244465
0.124519
0.078803
0.321601
0.088396
0.118194
0.092820
0.101288
0.130695
0.434806
0.278631
0.285248
0.272180
0.278640
0.511084
0.294846
0.465029
0.496674
0.194844
0.266842
0.734979
0.741370
0.453567
0.837827
0.822581
0.823398
0.711191
0.834145
0.827780
0.828253
0.783737
0.771217
0.415708
0.374214
0.239807
0.245422
0.299558
0.306463
0.703877
0.460699
0.435221
0.309890
0.445879
0.420559
0.474666
0.177297
0.359438
0.526709
0.298879
0.706592
0.512583
0.513773
0.041079
0.210363
0.204320
0.103821
0.526475
0.518052
0.057918
0.305219
0.298343
0.491693
0.492452
0.477087
0.479136
0.562492
0.639527
0.620346
0.670349
0.649475
0.724837
0.482328
0.483559
0.042940
0.235904
0.228586
0.577559
0.578101
0.591113
0.571857
0.608512
0.616598
0.594752
0.299188
0.435413
0.326884
0.327033
0.483148
0.544269
0.561551
0.472404
0.762631
0.618730
0.620516
0.636462
0.553094
0.553064
0.556978
0.556947
0.802144
0.435241
0.450186
0.465146
0.748514
0.790778
0.675814
0.547554
0.696373
0.850614
0.850706
0.847815
0.815407
0.824843
0.778545
0.849256
0.822883
0.828628
0.786946
