0.179831
0.295434
0.146489
0.243560
0.420081
0.360337
0.326049
0.174368
0.176590
0.136591
0.169587
0.274961
0.243196
0.160438
0.312107
0.449265
0.315761
0.331398
0.299011
0.065235
0.177262
0.136076
0.118905
0.150353
0.130212
0.125658
0.395137
0.064148
0.177962
0.244027
0.134684
0.279251
0.295074
0.275198
0.313646
0.137211
0.146177
0.144684
0.154157
0.157105
0.327611
0.222780
0.247885
0.134378
0.286181
0.118170
0.085473
0.239429
0.365092
0.354379
0.102518
0.111799
0.096280
0.116359
0.099814
0.101439
0.473442
0.656792
0.278954
0.214685
0.256937
0.208067
0.241399
0.136789
0.204007
0.356784
0.197723
0.245612
0.257844
0.207580
0.372580
0.168255
0.262756
0.415721
0.249729
0.387349
0.200106
0.170690
0.309947
0.139362
0.185068
0.342450
0.150447
0.461269
0.235257
0.406942
0.406334
0.180802
0.197934
0.235023
0.239185
0.170373
0.186144
0.218347
0.222144
0.172135
0.187882
0.217497
0.221199
0.485595
0.843208
0.841342
0.832065
0.834363
0.833120
0.792924
0.792446
0.828739
0.827260
0.822708
0.799526
0.840219
0.607341
0.527518
0.661542
0.304093
0.224210
0.333200
0.175048
0.240344
0.302049
0.163182
0.229869
0.453965
0.251216
0.287391
0.364656
0.280831
0.454629
0.293816
0.443495
0.235265
0.358049
0.192772
0.199921
0.346423
0.160706
0.435952
0.230025
0.504372
0.482526
0.449624
0.485236
0.564745
0.570668
0.178391
0.194710
0.231728
0.235741
0.195429
0.192269
0.210075
0.249411
0.253714
0.205559
0.224463
0.264582
0.269053
0.474054
0.500190
0.716138
0.439977
0.539740
0.558981
0.542465
0.385758
0.481394
0.491034
0.590632
0.613158
0.590968
0.568742
0.603570
0.676770
0.620264
0.444212
0.443052
0.555172
0.508342
0.605805
0.438220
0.541482
0.578826
0.419075
0.519324
0.565195
0.497402
0.547689
0.526560
0.646073
0.622066
0.627193
0.649655
0.547255
0.552489
0.560374
0.585464
0.577466
0.496202
0.533684
0.540630
0.580934
0.573434
0.474711
0.514431
0.520577
0.569886
0.562876
0.455811
0.602290
0.633171
0.626754
0.536726
0.643302
0.472149
0.472159
0.660599
0.480864
0.480843
0.626759
0.439342
0.439308
0.573785
0.385658
0.385640
0.617066
0.439093
0.439096
0.698352
0.531565
0.531554
0.532721
0.532487
0.448476
0.436040
0.461357
0.433368
0.575018
0.434932
0.483065
0.555469
0.573520
0.811766
0.653597
0.653574
0.450688
0.450653
0.707976
0.457363
0.656343
0.568317
0.685291
0.782741
0.704725
0.550467
0.550455
0.467899
0.364757
0.566374
0.566352
0.492757
0.388864
0.432060
0.508251
0.508169
0.510170
0.438647
0.509047
0.508963
0.512746
0.442393
0.307630
0.811074
0.784460
0.819614
