0.152031
0.167158
0.170739
0.171914
0.140445
0.143532
0.155739
0.114387
0.188430
0.192469
0.190787
0.156112
0.091432
0.074477
0.075211
0.092343
0.093277
0.096808
0.083889
0.146905
0.123104
0.155043
0.168956
0.092798
0.245375
0.087378
0.135895
0.083393
0.081110
0.178231
0.060522
0.080298
0.081970
0.078118
0.172104
0.212498
0.468962
0.088006
0.365161
0.090274
0.186551
0.090213
0.186185
0.135190
0.163721
0.346465
0.128195
0.156689
0.261444
0.399559
0.204816
0.143582
0.124790
0.185138
0.100647
0.146169
0.237714
0.244763
0.074888
0.093986
0.076895
0.382563
0.123263
0.106037
0.094157
0.096274
0.168152
0.135091
0.116402
0.087894
0.126211
0.130325
0.087614
0.125699
0.130052
0.104469
0.114390
0.166286
0.160933
0.081746
0.141958
0.100782
0.068435
0.063983
0.119852
0.096900
0.096091
0.133829
0.071923
0.286853
0.120634
0.086975
0.128678
0.095487
0.088176
0.077756
0.134297
0.158129
0.104326
0.090086
0.076117
0.367663
0.322863
0.123309
0.307356
0.124352
0.309582
0.363630
0.145263
0.134006
0.190728
0.124006
0.175295
0.081969
0.126665
0.381251
0.063583
0.187001
0.099422
0.136988
0.073550
0.216908
0.114354
0.221718
0.101899
0.136536
0.432136
0.283000
0.484493
0.234700
0.382496
0.249049
0.436074
0.208421
0.376270
0.221735
0.427949
0.190078
0.438175
0.267617
0.489162
0.227879
0.186492
0.212633
0.226270
0.266363
0.204182
0.233568
0.248141
0.292812
0.217021
0.251175
0.260598
0.318349
0.217570
0.372944
0.189000
0.202019
0.339579
0.210329
0.187713
0.413636
0.438342
0.213230
0.417462
0.213228
0.259784
0.262445
0.347797
0.186315
0.425330
0.613706
0.562874
0.678729
0.535898
0.287793
0.347380
0.308717
0.384984
0.674759
0.653888
0.379887
0.184113
0.205650
0.234175
0.198944
0.300896
0.481041
0.650343
0.282291
0.418867
0.229500
0.314090
0.172060
0.264362
0.205952
0.339278
0.174008
0.266587
0.835622
0.838055
0.789777
0.705236
0.687980
0.809307
0.837692
0.834970
0.831087
0.847284
0.842352
0.843552
0.629558
0.799106
0.846693
0.806468
0.773483
0.749981
0.852592
0.798547
0.785473
0.837764
0.840007
0.657131
0.813492
0.377106
0.246920
0.418943
0.206961
0.374484
0.244539
0.418222
0.205339
0.472462
0.298407
0.522385
0.249420
0.504988
0.327243
0.553573
0.274133
0.478967
0.326618
0.274787
0.476175
0.540234
0.186278
0.212055
0.226358
0.265440
0.229018
0.262100
0.278354
0.327514
0.226809
0.259310
0.276253
0.323780
0.383058
0.435077
0.226090
0.385022
0.195928
0.192680
0.322897
0.170370
0.242081
0.211771
0.361644
0.489654
0.240232
0.493744
0.443542
0.434844
0.214567
0.367403
0.186308
0.351293
0.353548
0.306603
0.308695
0.333288
0.181118
0.335402
0.462661
0.618443
0.490396
0.734313
0.576180
0.372364
0.418829
0.393441
0.455029
0.697657
0.676010
0.426333
0.212442
0.507213
0.175110
0.259129
0.418146
0.535114
0.610567
0.709737
0.225310
0.327116
0.221592
0.278652
0.429089
0.352542
0.483823
0.564555
0.541588
0.426496
0.611251
0.590886
0.475704
0.502212
0.478322
0.371723
0.595288
0.572631
0.482417
0.490953
0.525303
0.380766
0.592201
0.291596
0.487433
0.468353
0.595411
0.617273
0.536019
0.399454
0.399293
0.464825
0.561526
0.567594
0.637813
0.583703
0.399268
0.555459
0.453256
0.309098
0.691012
0.518339
0.351569
0.430702
0.554614
0.386165
0.471625
0.728778
0.571798
0.651147
0.589067
0.517788
0.525118
0.461509
0.660241
0.627065
0.684933
0.649199
0.497353
0.638729
0.618934
0.453319
0.595410
0.576261
0.727557
0.785407
0.580879
0.550006
0.478789
0.622855
0.597894
0.691503
0.660539
0.518972
0.630596
0.596143
0.506245
0.619520
0.598005
0.480534
0.525290
0.500052
0.387937
0.639096
0.618418
0.502045
0.478917
0.455149
0.371074
0.508538
0.546688
0.392212
0.593231
0.541551
0.549353
0.245669
0.427857
0.408465
0.518695
0.525870
0.515316
0.662789
0.350136
0.443703
0.369257
0.484339
0.334660
0.411566
0.715582
0.633501
0.651885
0.586825
0.548481
0.485074
0.486772
0.436075
0.667421
0.742036
0.419286
0.564629
0.547735
0.406993
0.549232
0.677104
0.655731
0.598787
0.558199
0.513272
0.466378
0.606021
0.564533
0.515096
0.468159
0.473377
0.545572
0.622139
0.570208
0.566432
0.614873
0.619119
0.474128
0.410690
0.345555
0.530104
0.383054
0.334398
0.279536
0.637270
0.559263
0.495354
0.434600
0.362366
0.630272
0.556270
0.466271
0.621499
0.583584
0.449336
0.641010
0.692363
0.487060
0.477109
0.615632
0.367525
0.378278
0.286775
0.308061
0.416924
0.542571
0.343350
0.463941
0.592305
0.539124
0.519933
0.392756
0.467965
0.686653
0.658470
0.692288
0.607839
0.587867
0.573380
0.487608
0.464518
0.614160
0.508373
0.740079
0.539813
0.537800
0.523642
0.524158
0.615599
0.658271
0.471980
0.656218
0.519713
0.379735
0.491813
0.628808
0.363287
0.540882
0.410899
0.604831
0.316459
0.445213
0.511301
0.680224
0.407963
0.541445
0.412303
0.606164
0.318127
0.446647
0.737832
0.646308
0.837616
0.610862
0.607034
0.476797
0.460910
0.526162
0.611968
0.645782
0.789259
0.834081
0.832377
0.663493
0.598348
0.593801
0.537109
0.838224
0.780012
0.770180
0.842307
0.782936
0.634136
0.565138
0.450211
0.826162
0.735116
0.681262
0.554160
0.800717
0.760058
0.833915
0.432615
0.587952
0.643095
0.621397
0.604667
0.613281
0.628454
0.429362
0.547807
0.844058
0.841781
0.827831
0.575260
0.617778
0.388048
0.498114
0.508462
0.282772
0.354721
0.462353
0.419356
0.396123
0.828087
0.246276
0.307566
0.494757
0.619380
0.719343
0.639270
0.776930
0.423083
0.549731
0.236893
0.223397
0.412043
0.382641
0.261711
0.600947
0.646200
0.629931
0.804504
0.779189
0.574156
0.806263
0.528832
0.493525
0.537932
0.750753
0.840581
0.823504
0.837233
0.806025
0.812540
0.810088
0.842107
0.778736
0.779016
0.836499
0.759357
0.848743
0.582959
0.838773
0.737697
0.839720
0.845218
0.834830
0.840523
