0.095458
0.310814
0.259728
0.433838
0.181087
0.230355
0.213410
0.194426
0.144146
0.109347
0.184076
0.202300
0.183579
0.153866
0.296384
0.209883
0.077979
0.184304
0.143743
0.142455
0.281306
0.154860
0.117256
0.079100
0.237582
0.190317
0.137978
0.485161
0.265316
0.165090
0.144277
0.332949
0.235931
0.198118
0.419140
0.382713
0.218893
0.425659
0.428168
0.388212
0.184170
0.573532
0.769170
0.784052
0.808511
0.786217
0.786576
0.784660
0.841637
0.845481
0.501843
0.233790
0.202034
0.172212
0.382315
0.200325
0.397948
0.274496
0.390259
0.496113
0.191050
0.490651
0.689073
0.665162
0.560537
0.491986
0.649243
0.411041
0.535544
0.528795
0.393085
0.710733
0.586120
0.564571
0.560942
0.423818
0.591160
0.485389
0.586625
0.579883
0.588885
0.655233
0.638575
0.595863
0.581197
0.477593
0.402783
0.448923
0.497463
0.416049
0.471444
0.546364
0.472172
0.474378
0.395747
0.368170
0.434076
0.589326
0.522071
0.720329
0.693258
0.584320
0.476871
0.476870
0.476895
0.536041
0.536038
0.536033
0.754626
0.754626
0.754656
0.675135
0.765377
0.847008
0.842178
0.844903
0.775509
0.820455
0.773043
0.819367
