0.124219
0.336358
0.229609
0.305381
0.229636
0.107177
0.127864
0.138686
0.138746
0.154108
0.167442
0.167548
0.108409
0.117375
0.148498
0.152025
0.146173
0.185808
0.111460
0.305605
0.260840
0.111168
0.281967
0.247182
0.276335
0.286421
0.265293
0.346311
0.080346
0.299733
0.121941
0.278444
0.074452
0.294693
0.291387
0.087460
0.082946
0.090758
0.083514
0.077434
0.084886
0.107864
0.069857
0.077195
0.097532
0.074459
0.285370
0.266137
0.072023
0.265326
0.244417
0.374848
0.248328
0.265527
0.425487
0.367292
0.455452
0.397372
0.198599
0.277245
0.502743
0.516222
0.480657
0.465114
0.399152
0.813772
0.843202
0.827824
0.568392
0.753966
0.790173
0.808973
0.512524
0.447973
0.470793
0.412732
0.265648
0.308573
0.573237
0.557868
0.527617
0.520803
0.526397
0.519354
0.450677
0.454732
0.328714
0.637606
0.670298
0.516532
0.620229
0.593943
0.652506
0.625765
0.627621
0.494672
0.681291
0.567206
0.670170
0.595605
0.711611
0.749357
0.715955
0.661890
0.610561
0.619863
0.683467
0.608554
0.604596
0.638973
0.616624
0.587282
0.413955
0.646859
0.493635
0.631351
0.502585
0.719173
0.639508
0.541628
0.587342
0.538590
0.531271
0.512697
0.542193
0.598332
0.617486
0.582745
0.524809
0.583312
0.631994
0.523979
0.500057
0.588973
0.577437
0.528812
0.382603
0.620504
0.519799
0.596807
0.718120
0.748200
0.500688
0.693949
0.657594
0.654452
0.811013
0.807163
0.797928
