0.081844
0.130833
0.130640
0.105901
0.139188
0.101292
0.079792
0.093553
0.074297
0.141288
0.140553
0.066565
0.098718
0.313612
0.102578
0.119528
0.243633
0.071118
0.116088
0.177131
0.064161
0.127530
0.128000
0.135944
0.136444
0.125749
0.124167
0.082708
0.092605
0.123700
0.292040
0.094318
0.386982
0.232737
0.358864
0.177399
0.423454
0.236689
0.213752
0.815866
0.838771
0.373322
0.603884
0.222157
0.388459
0.245871
0.431519
0.172911
0.362019
0.258214
0.232325
0.590064
0.557459
0.448840
0.484711
0.603883
0.494468
0.530503
0.489381
0.389770
0.422632
0.680251
0.596096
0.516000
0.408813
0.515559
0.408468
0.501982
0.397889
0.434219
0.623200
0.499049
0.532849
0.476828
0.387111
0.386807
0.377857
0.541093
0.488762
0.509872
0.816146
0.806399
0.587706
0.568939
0.433900
0.836233
0.844564
0.670439
