0.239427
0.154274
0.118439
0.107557
0.115367
0.363011
0.304315
0.100703
0.374070
0.333770
0.275995
0.291848
0.343110
0.339600
0.079854
0.208709
0.078559
0.075716
0.102281
0.242276
0.176833
0.226642
0.291429
0.322970
0.639549
0.285898
0.420343
0.159830
0.440029
0.249544
0.184104
0.203648
0.192399
0.234354
0.461073
0.801193
0.572735
0.231929
0.483972
0.244953
0.257809
0.214714
0.489280
0.456332
0.561337
0.499056
0.734430
0.707103
0.745205
0.742793
0.534620
0.718129
0.602096
0.503599
0.743200
0.705176
0.425037
0.496342
0.545737
0.619928
0.354782
0.509202
0.789633
0.374976
0.594684
0.581495
0.717734
0.531447
0.571433
0.823485
0.648087
