0.146148
0.371397
0.226567
0.233295
0.081480
0.157738
0.129746
0.164873
0.237554
0.179050
0.189383
0.127409
0.130369
0.237680
0.080467
0.133812
0.239550
0.107094
0.171343
0.154637
0.216243
0.185429
0.188950
0.072450
0.101703
0.159343
0.182712
0.142121
0.242710
0.087463
0.142919
0.186634
0.097471
0.208801
0.294086
0.382017
0.387400
0.196334
0.179924
0.439182
0.405722
0.478437
0.443581
0.707435
0.687777
0.412961
0.167950
0.197225
0.805085
0.819884
0.201472
0.313104
0.417806
0.327684
0.438751
0.479598
0.204890
0.228323
0.484462
0.452782
0.532563
0.499604
0.701166
0.683572
0.384592
0.190241
0.265961
0.577867
0.576914
0.495136
0.616148
0.695128
0.655759
0.655983
0.611004
0.644808
0.580021
0.629965
0.569681
0.650006
0.456685
0.550738
0.555346
0.624976
0.617598
0.569110
0.579529
0.623880
0.733047
0.536797
0.538854
0.495905
0.611582
0.518050
0.607361
0.610608
0.546204
0.595671
0.701082
0.602486
0.446321
0.524720
0.634722
0.533383
0.772958
0.509656
0.511445
0.380708
0.489832
0.813163
0.422503
0.419361
0.228157
0.264005
0.369368
0.733837
0.696743
0.735604
0.821349
0.566265
0.821457
0.741465
0.757894
