0.103719
0.088701
0.153474
0.154337
0.085033
0.171949
0.215317
0.073430
0.277982
0.184007
0.087233
0.180780
0.071133
0.108092
0.286713
0.107605
0.129217
0.103825
0.071102
0.133071
0.252874
0.137509
0.077236
0.185467
0.166566
0.111671
0.154217
0.168338
0.114060
0.078614
0.116574
0.128361
0.114207
0.107145
0.099911
0.177357
0.122284
0.076277
0.069627
0.121045
0.092838
0.109606
0.183980
0.267156
0.273360
0.254831
0.083481
0.153159
0.166069
0.135451
0.077593
0.132275
0.119355
0.132218
0.119318
0.145329
0.124104
0.118626
0.082786
0.072096
0.098844
0.066037
0.138682
0.158951
0.139187
0.192948
0.087695
0.186651
0.143076
0.070657
0.092442
0.071777
0.167370
0.140235
0.084711
0.200956
0.123629
0.129915
0.072966
0.073173
0.095826
0.191464
0.083923
0.084504
0.127347
0.094298
0.100167
0.096284
0.192326
0.072834
0.140826
0.257430
0.058406
0.165192
0.240714
0.400994
0.194982
0.370467
0.174372
0.369236
0.173603
0.172437
0.429593
0.204952
0.346997
0.312794
0.246071
0.615672
0.499913
0.429944
0.350562
0.532134
0.375366
0.416601
0.308060
0.422301
0.421673
0.575646
0.312682
0.439303
0.438465
0.607600
0.207036
0.303905
0.303259
0.467950
0.254323
0.144837
0.141690
0.373753
0.179909
0.175769
0.465586
0.175032
0.171058
0.454298
0.375523
0.482903
0.339819
0.820728
0.838014
0.743390
0.669296
0.837508
0.846371
0.851738
0.747106
0.838977
0.713472
0.791710
0.808871
0.836718
0.243628
0.401400
0.198323
0.400867
0.198067
0.219446
0.418135
0.208712
0.338541
0.276624
0.278000
0.614935
0.504276
0.422854
0.536794
0.449722
0.499975
0.434158
0.403661
0.577772
0.491175
0.523293
0.500266
0.649107
0.562245
0.462127
0.482739
0.521024
0.333044
0.458968
0.458161
0.589983
0.258246
0.357518
0.356983
0.504413
0.464098
0.336259
0.478204
0.477086
0.635132
0.247994
0.184665
0.180398
0.461398
0.197624
0.193042
0.491373
0.368545
0.504616
0.559844
0.427100
0.472036
0.555860
0.428314
0.528135
0.511864
0.529285
0.511558
0.664276
0.577870
0.635281
0.541606
0.660306
0.454439
0.577576
0.613535
0.478175
0.568690
0.556148
0.425650
0.476843
0.474779
0.499911
0.481049
0.448062
0.535333
0.544112
0.603488
0.506169
0.548533
0.589189
0.527815
0.660872
0.531612
0.606018
0.613334
0.486831
0.555273
0.438191
0.549171
0.426375
0.556415
0.643650
0.621961
0.610267
0.522534
0.480144
0.554027
0.509551
0.425621
0.585554
0.456776
0.485906
0.347880
0.508761
0.659203
0.670798
0.559566
0.690759
0.381759
0.499762
0.509767
0.500033
0.635678
0.499023
0.635162
0.484111
0.687379
0.559813
0.671900
0.664437
0.605293
0.554552
0.398718
0.599153
0.429435
0.544173
0.609234
0.487233
0.600813
0.480196
0.556704
0.428424
0.566267
0.604277
0.564638
0.473178
0.634285
0.445330
0.508312
0.338317
0.505523
0.645361
0.678913
0.545050
0.682862
0.506091
0.602307
0.549402
0.521847
0.520818
0.506655
0.581044
0.634427
0.610201
0.578478
0.459941
0.496786
0.454563
0.583837
0.473697
0.596143
0.524347
0.427333
0.425424
0.488518
0.465947
0.476870
0.659231
0.470915
0.534901
0.476322
0.321171
0.645436
0.609459
0.423621
0.639779
0.613827
0.418247
0.382052
0.459021
0.580795
0.633884
0.433894
0.631901
0.615521
0.738027
0.496242
0.432254
0.809345
0.656457
0.506831
0.607892
0.578132
0.476490
0.577412
0.472974
0.788736
0.712218
0.803024
0.839860
0.788046
0.838279
0.788533
0.574171
0.655572
0.536279
0.405749
0.544952
0.414312
0.601111
0.759006
0.428038
0.424413
0.782637
0.785811
0.729796
0.844247
0.487081
0.536430
0.427993
0.285249
0.283075
0.794096
0.836452
0.806844
0.839179
0.824543
0.849880
0.845139
0.697944
0.778034
0.652824
0.529965
0.263271
0.257755
0.802866
0.819734
0.803422
0.732175
0.447890
0.438707
0.830601
0.713324
