0.077679
0.081084
0.111962
0.079425
0.152655
0.205670
0.499828
0.500424
0.132496
0.133110
0.371827
0.137984
0.396759
0.105561
0.145166
0.129079
0.112553
0.091962
0.078373
0.096639
0.067731
0.110175
0.104345
0.366556
0.128142
0.084873
0.070961
0.227581
0.430835
0.460560
0.458205
0.233533
0.198819
0.830335
0.843280
0.841876
0.733625
0.825585
0.268564
0.427182
0.470155
0.553178
0.755205
0.232019
0.237022
0.568033
0.551778
0.596529
0.558622
0.492641
0.782926
0.808335
0.504824
0.545192
0.482518
0.559972
0.591189
0.615056
0.619389
0.464388
0.593751
0.439867
0.467672
0.546636
0.541235
0.578684
0.573461
0.260776
0.523955
0.450731
0.494877
0.512786
0.820132
0.816866
0.596197
0.562748
0.573551
0.411454
0.833170
0.835994
0.842737
