0.212972
0.430403
0.188774
0.264661
0.237401
0.301259
0.302942
0.258419
0.342735
0.276459
0.211443
0.130645
0.387230
0.295140
0.301549
0.294864
0.297483
0.147241
0.347952
0.105498
0.241524
0.109576
0.247142
0.303405
0.236835
0.290191
0.153735
0.096881
0.076690
0.316206
0.114790
0.161023
0.332700
0.345201
0.174548
0.239950
0.635521
0.384430
0.567529
0.303769
0.626386
0.353884
0.277732
0.508929
0.250199
0.130379
0.547199
0.184042
0.240214
0.192476
0.428736
0.440868
0.810865
0.553030
0.732116
0.663357
0.798446
0.819745
0.802913
0.790939
0.831210
0.198661
0.560226
0.241774
0.664158
0.424523
0.655333
0.396995
0.255805
0.487939
0.637820
0.374097
0.242577
0.432429
0.372845
0.502557
0.547640
0.193472
0.295779
0.283351
0.571260
0.538060
0.481145
0.460944
0.555471
0.737772
0.528426
0.623706
0.747177
0.519771
0.587837
0.742687
0.500923
0.561607
0.655412
0.575350
0.673880
0.720966
0.489508
0.713319
0.424088
0.742489
0.484374
0.548609
0.608395
0.674167
0.509823
0.539147
0.565716
0.455804
0.516216
0.655186
0.650389
0.563907
0.610699
0.528952
0.693786
0.539377
0.609296
0.546740
0.542757
0.482776
0.733451
0.632313
0.754312
0.749747
0.705259
0.828273
0.551099
0.775624
0.637361
0.555636
0.630452
0.325078
0.213205
0.530955
0.762470
0.795035
0.678618
0.803715
0.804859
0.828151
