0.354293
0.330437
0.466026
0.372452
0.435814
0.352181
0.340138
0.317975
0.271761
0.325743
0.340518
0.257257
0.279697
0.162696
0.268693
0.165260
0.294029
0.158701
0.270826
0.141553
0.220639
0.455770
0.147537
0.228172
0.443508
0.247643
0.117061
0.182431
0.343975
0.383058
0.302381
0.325288
0.308621
0.289251
0.279089
0.264323
0.317113
0.295077
0.385736
0.203118
0.264626
0.221225
0.147089
0.308131
0.080976
0.195119
0.090229
0.182660
0.078036
0.160736
0.090153
0.122900
0.275680
0.076402
0.104104
0.232806
0.214184
0.218598
0.107034
0.222862
0.250261
0.266816
0.396915
0.456050
0.494387
0.235070
0.478903
0.219956
0.258504
0.752632
0.604281
0.834035
0.808681
0.846670
0.831994
0.796074
0.839753
0.817195
0.450805
0.368518
0.467395
0.553995
0.382806
0.529492
0.277260
0.408744
0.212009
0.406663
0.630268
0.537525
0.630195
0.337578
0.525872
0.438824
0.526912
0.647348
0.556105
0.646680
0.504326
0.725356
0.646453
0.723703
0.557986
0.603290
0.593041
0.615651
0.687687
0.555749
0.327216
0.667661
0.413940
0.249683
0.720509
0.775120
0.774338
0.620817
0.759659
0.734637
0.599204
0.757183
0.730746
0.598184
0.756807
0.730115
0.491629
0.697112
0.657723
0.600208
0.353659
0.570901
0.475432
0.572840
0.638758
0.545177
0.639003
0.677707
0.588818
0.677287
0.551488
0.581761
0.551174
0.681662
0.495137
0.270534
0.696392
0.429130
0.249911
0.711091
0.768974
0.768352
0.604521
0.754007
0.727630
0.563723
0.738621
0.706419
0.567508
0.741156
0.709477
0.527701
0.720851
0.684649
0.699693
0.590905
0.547677
0.531133
0.446432
0.616287
0.602507
0.514226
0.657401
0.646834
0.560112
0.570186
0.402208
0.447854
0.588861
0.620826
0.525148
0.548173
0.437357
0.326272
0.762946
0.755676
0.726942
0.409221
0.573323
0.664790
0.829653
0.826011
0.679719
0.756383
0.660192
0.740455
0.772006
