0.072199
0.215962
0.177057
0.093897
0.103651
0.095681
0.150610
0.251494
0.113589
0.102136
0.118323
0.100667
0.160236
0.076382
0.064378
0.087107
0.084193
0.267319
0.130361
0.080855
0.178546
0.237070
0.233438
0.421948
0.398923
0.796988
0.836985
0.808699
0.839109
0.774918
0.832971
0.266302
0.331005
0.430063
0.532684
0.476183
0.455709
0.582962
0.558908
0.623786
0.618201
0.547233
0.564968
0.650385
0.661965
0.567345
0.554182
0.501283
0.529438
0.475949
0.592711
0.623280
0.566001
0.590357
0.559702
0.582026
0.563652
0.611731
0.585946
0.552073
0.456605
0.581317
0.454645
0.568231
0.537574
0.597758
0.532674
0.555637
0.511050
0.779495
0.676831
0.803295
0.827550
