0.206099
0.164791
0.120659
0.101192
0.083487
0.096418
0.075028
0.077558
0.114751
0.078925
0.240424
0.219197
0.354398
0.149869
0.300679
0.383094
0.127896
0.166788
0.126869
0.141346
0.065459
0.066706
0.080194
0.067860
0.069125
0.068684
0.064189
0.063839
0.143938
0.065550
0.182924
0.110936
0.122303
0.291622
0.329528
0.180102
0.183874
0.254166
0.263927
0.472218
0.482611
0.454141
0.515736
0.741300
0.831298
0.793992
0.224291
0.258629
0.253704
0.510930
0.467354
0.440332
0.519222
0.489586
0.679021
0.572868
0.539456
0.624052
0.591077
0.610521
0.537210
0.478929
0.562407
0.443543
0.521566
0.636814
0.690439
0.605768
0.649221
0.613583
0.584932
0.629901
0.561622
0.489056
0.568483
0.647258
0.695865
0.575704
0.541285
0.454348
0.475902
0.468586
0.565867
0.460420
0.495202
0.790092
0.577931
0.497054
0.603700
0.843323
0.785507
0.825332
0.790801
