0.304216
0.272991
0.069749
0.109621
0.094313
0.278308
0.103959
0.310023
0.132025
0.129977
0.110149
0.212222
0.184241
0.183844
0.151911
0.172901
0.223940
0.080559
0.068352
0.135142
0.086787
0.147277
0.145904
0.085548
0.116387
0.104033
0.136278
0.122798
0.246813
0.305355
0.149918
0.186378
0.526657
0.186572
0.525466
0.114399
0.138081
0.375952
0.345822
0.427598
0.343249
0.303155
0.222869
0.844351
0.758742
0.603461
0.751160
0.236843
0.297937
0.168869
0.209288
0.559456
0.116731
0.139854
0.367955
0.395105
0.436029
0.347911
0.309310
0.285281
0.535894
0.444843
0.615907
0.472196
0.652465
0.418153
0.636463
0.475354
0.391313
0.464681
0.665111
0.403204
0.652461
0.637347
0.517256
0.586831
0.530863
0.391522
0.450095
0.463974
0.383612
0.532880
0.544653
0.483912
0.477816
0.479435
0.502339
0.466362
0.599288
0.757122
0.746871
0.829414
0.613146
0.486059
0.567467
0.572203
0.574609
0.319848
0.565871
0.345487
0.523115
0.523363
0.785076
0.782539
0.829170
0.835072
0.821753
