0.108411
0.131352
0.272389
0.135238
0.371937
0.207106
0.278229
0.305406
0.266113
0.320702
0.262008
0.175300
0.105879
0.090241
0.154903
0.077709
0.122002
0.096861
0.066988
0.227436
0.247765
0.247830
0.258213
0.314082
0.293327
0.306132
0.110561
0.412998
0.189348
0.177790
0.323160
0.257494
0.176287
0.175000
0.823842
0.451424
0.281792
0.236030
0.374848
0.289629
0.253472
0.220483
0.598104
0.724118
0.572205
0.563009
0.608559
0.657516
0.693817
0.621390
0.703244
0.653274
0.659775
0.492799
0.613452
0.474608
0.491986
0.440025
0.492444
0.441645
0.459348
0.575357
0.807420
0.838522
