0.218144
0.373442
0.277494
0.363640
0.337983
0.412948
0.305098
0.303259
0.364381
0.296046
0.371399
0.245703
0.324740
0.258780
0.249732
0.353956
0.244555
0.278582
0.296893
0.258719
0.359970
0.286858
0.359652
0.272943
0.281236
0.367765
0.339128
0.197553
0.197114
0.257819
0.286523
0.309355
0.366289
0.375428
0.157167
0.112434
0.365857
0.215853
0.241021
0.287133
0.333601
0.325569
0.288149
0.326181
0.152516
0.312434
0.118233
0.205394
0.322233
0.192468
0.314418
0.374464
0.191336
0.217155
0.320577
0.377502
0.196532
0.222542
0.155496
0.335600
0.307529
0.350499
0.203375
0.225199
0.325644
0.093107
0.128328
0.205473
0.339776
0.351846
0.356876
0.098835
0.300343
0.452499
0.352382
0.209604
0.179236
0.253045
0.208330
0.243117
0.274658
0.252082
0.146478
0.354870
0.308436
0.352593
0.351399
0.180970
0.343582
0.380849
0.389289
0.417314
0.402981
0.367065
0.425518
0.421299
0.367581
0.415091
0.232042
0.206067
0.329681
0.334339
0.617215
0.237868
0.251616
0.297934
0.570301
0.199008
0.199799
0.212133
0.211581
0.793283
0.670113
0.350392
0.483567
0.387297
0.485792
0.411591
0.270621
0.221645
0.454210
0.299386
0.240957
0.385885
0.267493
0.220208
0.324294
0.265759
0.279188
0.219655
0.420206
0.461240
0.448620
0.430423
0.469200
0.454946
0.211588
0.396326
0.431862
0.418844
0.438258
0.446486
0.386904
0.413614
0.398037
0.237935
0.211728
0.310167
0.345260
0.351686
0.628269
0.287432
0.292517
0.557408
0.322910
0.593042
0.238948
0.236388
0.248789
0.245042
0.529202
0.595391
0.477908
0.551547
0.571369
0.613056
0.546306
0.661613
0.657317
0.689893
0.744399
0.748196
0.731456
0.749393
0.718990
0.626024
0.521746
0.591704
0.425461
0.501948
0.513572
0.609047
0.707465
0.659437
0.679778
0.726080
0.740197
0.735665
0.451418
0.579078
0.583105
0.680948
0.628956
0.624049
0.545973
0.571677
0.531179
0.560905
0.664812
0.639940
0.690661
0.685602
0.548834
0.535418
0.564735
0.550603
0.436181
0.518676
0.551152
0.815059
0.563399
0.554979
0.588434
0.582260
0.595926
0.298984
0.569539
0.359420
0.821412
0.642701
0.836104
0.588161
0.474746
0.367027
0.244007
0.445047
0.205500
0.560565
0.493645
0.448995
0.434639
0.756921
0.745645
0.729262
0.538506
0.738946
0.643607
0.733259
0.770034
0.755047
0.822722
0.721254
0.821306
0.823572
0.823341
0.771839
0.827526
0.843955
0.785039
