0.112547
0.123579
0.120232
0.086329
0.075966
0.145899
0.101261
0.286398
0.140960
0.077734
0.150019
0.139067
0.145852
0.079420
0.317497
0.161306
0.088380
0.129020
0.470033
0.378123
0.069098
0.132850
0.101288
0.106555
0.069782
0.134564
0.106961
0.091206
0.082297
0.082348
0.128478
0.114438
0.090635
0.089867
0.089925
0.079837
0.152013
0.078193
0.219157
0.256777
0.065876
0.105847
0.081715
0.074208
0.249256
0.087786
0.115926
0.090443
0.127835
0.125823
0.094702
0.069854
0.110809
0.084553
0.465523
0.457766
0.271364
0.379805
0.506769
0.246189
0.221458
0.237583
0.834462
0.793778
0.838924
0.697721
0.798814
0.849923
0.837682
0.793883
0.842812
0.835843
0.836133
0.777794
0.811125
0.799529
0.819570
0.819597
0.793980
0.782356
0.854230
0.839792
0.852531
0.604476
0.730028
0.840814
0.300620
0.373806
0.366166
0.318177
0.409902
0.402338
0.565754
0.559333
0.334498
0.403917
0.205023
0.652938
0.672360
0.237958
0.263837
0.255060
0.204399
0.689896
0.382122
0.393473
0.494738
0.595043
0.453256
0.453235
0.319579
0.491767
0.599436
0.663695
0.367562
0.550331
0.550314
0.634362
0.370117
0.384608
0.469279
0.570611
0.691186
0.536084
0.536072
0.373781
0.648441
0.504735
0.503083
0.390157
0.504486
0.536406
0.426868
0.508076
0.534946
0.611586
0.479999
0.625592
0.410367
0.675093
0.677215
0.578481
0.661220
0.577740
0.707031
0.690526
0.497550
0.520174
0.486296
0.456135
0.492523
0.447510
0.395484
0.656469
0.412371
0.518514
0.622207
0.316861
0.479447
0.479426
0.567108
0.319020
0.334371
0.405843
0.502888
0.678751
0.314887
0.479407
0.479395
0.565395
0.313684
0.331628
0.441098
0.540459
0.701946
0.337699
0.514269
0.514260
0.600566
0.336223
0.354091
0.431805
0.529301
0.700060
0.504642
0.504633
0.431527
0.528963
0.699986
0.504345
0.504336
0.646955
0.610967
0.599809
0.483011
0.609622
0.504557
0.628432
0.630866
0.526610
0.614310
0.526751
0.676285
0.659122
0.467183
0.613697
0.478298
0.638343
0.417669
0.587445
0.512464
0.462442
0.423566
0.459048
0.490027
0.612565
0.658390
0.452467
0.604788
0.449573
0.623138
0.485732
0.609568
0.609147
0.611924
0.488058
0.569991
0.639253
0.361811
0.469515
0.564626
0.388848
0.576248
0.428679
0.511390
0.541525
0.578389
0.383743
0.555759
0.588722
0.431242
0.421254
0.381195
0.513177
0.546696
0.388693
0.552295
0.586549
0.427822
0.478715
0.462976
0.487257
0.613892
0.446747
0.659431
0.778605
0.848354
0.806484
0.816536
0.488652
0.735673
0.462903
0.454724
0.748517
0.724464
0.728434
0.658808
0.832740
0.784555
0.802575
0.831980
0.803731
0.804981
0.788675
0.831571
0.822911
0.840534
0.849429
0.815509
0.776425
0.833726
0.834588
0.825628
0.839843
0.552634
0.735031
0.758405
0.758485
0.829387
0.738569
0.740098
0.716433
0.799618
0.735444
0.736622
0.795589
0.847308
0.845960
0.845003
0.831112
