0.144543
0.237699
0.137820
0.206644
0.127886
0.189693
0.289842
0.132769
0.212607
0.196902
0.138240
0.216490
0.290464
0.263874
0.114578
0.184762
0.255847
0.076101
0.242451
0.081711
0.156803
0.089020
0.172089
0.243016
0.089326
0.150822
0.119657
0.091373
0.153338
0.227416
0.097515
0.239160
0.205705
0.402494
0.254689
0.351076
0.233693
0.222521
0.217967
0.214645
0.162458
0.185752
0.704370
0.844029
0.633199
0.825912
0.784872
0.816351
0.841731
0.498499
0.440926
0.416089
0.277110
0.420800
0.302122
0.278520
0.267288
0.273941
0.177814
0.194653
0.468065
0.467195
0.679330
0.458832
0.456503
0.406983
0.662559
0.625810
0.603880
0.557663
0.589785
0.503755
0.543481
0.507625
0.547665
0.617212
0.655089
0.557754
0.676350
0.581657
0.485288
0.565483
0.629997
0.508457
0.552661
0.483069
0.533466
0.457053
0.512211
0.591643
0.567119
0.476290
0.484122
0.628892
0.556799
0.538284
0.490770
0.461581
0.457459
0.518778
0.631263
0.625931
0.594624
0.501210
0.532097
0.801318
0.679298
0.465154
0.352928
0.369378
0.503459
0.363461
0.275073
0.443000
0.480424
0.754499
0.806056
0.609994
0.827147
0.819103
