0.090232
0.178342
0.113320
0.068722
0.164500
0.165812
0.274990
0.119255
0.135134
0.160163
0.168557
0.204795
0.182485
0.134125
0.129436
0.132281
0.091113
0.173957
0.089612
0.068226
0.124601
0.235482
0.099516
0.162744
0.093644
0.130014
0.151834
0.226296
0.216160
0.197533
0.322013
0.153717
0.469142
0.310336
0.176415
0.180165
0.267401
0.252316
0.833070
0.842879
0.233032
0.222278
0.250443
0.238481
0.236341
0.225331
0.218836
0.209363
0.285619
0.270903
0.281031
0.379967
0.167506
0.517438
0.339777
0.215868
0.202628
0.304372
0.258952
0.229118
0.218541
0.292623
0.277552
0.519589
0.618432
0.471313
0.646236
0.577620
0.565573
0.418023
0.510271
0.510220
0.522676
0.564474
0.580703
0.507804
0.524998
0.484326
0.636254
0.444278
0.302311
0.820199
