0.087153
0.163678
0.106933
0.150887
0.199628
0.253440
0.104591
0.170886
0.086086
0.218153
0.200159
0.159188
0.207286
0.165282
0.243271
0.353073
0.088380
0.091871
0.279351
0.101894
0.140968
0.103828
0.193284
0.227408
0.107884
0.120297
0.085101
0.148464
0.093033
0.158361
0.098305
0.128806
0.182286
0.313479
0.078004
0.085035
0.411077
0.210999
0.379652
0.495200
0.267157
0.388662
0.264476
0.148713
0.162839
0.164057
0.179105
0.541467
0.439031
0.220100
0.331970
0.800695
0.819953
0.801205
0.824424
0.495899
0.453231
0.232105
0.463001
0.246679
0.515870
0.282685
0.302185
0.361235
0.168859
0.186899
0.189029
0.209624
0.410946
0.226143
0.554105
0.383136
0.523192
0.626837
0.670427
0.640989
0.538544
0.289672
0.323728
0.446471
0.604982
0.550965
0.656188
0.556330
0.589508
0.609099
0.587596
0.493818
0.485385
0.410063
0.388706
0.382152
0.569125
0.332936
0.465871
0.493013
0.634492
0.530317
0.414079
0.398964
0.577594
0.541614
0.398331
0.615537
0.499089
0.464583
0.638949
0.405202
0.563017
0.611082
0.791496
0.459638
0.517319
0.346812
0.499817
0.372613
0.759439
0.805321
0.832743
0.614578
0.435372
0.505388
0.541921
0.770360
0.733785
