0.387353
0.309541
0.115961
0.320933
0.382396
0.319919
0.127486
0.152673
0.153419
0.144290
0.145020
0.173725
0.073459
0.134398
0.142663
0.089967
0.098869
0.108001
0.289132
0.374151
0.348137
0.337273
0.306748
0.307983
0.276132
0.095795
0.100284
0.133985
0.118036
0.272316
0.134484
0.118470
0.273320
0.125401
0.073227
0.084608
0.106345
0.064732
0.105290
0.072382
0.410690
0.722979
0.224682
0.193460
0.186437
0.171855
0.199058
0.194606
0.184555
0.188754
0.173865
0.201589
0.197037
0.186803
0.147321
0.136639
0.158693
0.155410
0.147879
0.184431
0.276859
0.192898
0.246312
0.829171
0.394590
0.505563
0.390570
0.296678
0.292950
0.241046
0.227779
0.209393
0.240411
0.234890
0.222354
0.228796
0.210332
0.241405
0.235864
0.223279
0.181889
0.288638
0.202353
0.227545
0.618542
0.630831
0.619124
0.589228
0.588726
0.448442
0.579384
0.565131
0.549532
0.496895
0.575942
0.484511
0.582568
0.598274
0.354411
0.423113
0.514862
0.514843
0.410561
0.335039
0.518398
0.518377
0.414075
0.340088
0.536506
0.536483
0.350171
0.536520
0.536497
0.351143
0.543150
0.543126
0.433800
0.356981
0.805944
