0.079224
0.089949
0.139692
0.089843
0.142242
0.156770
0.155847
0.164135
0.109110
0.148017
0.088373
0.129659
0.194707
0.087196
0.149602
0.082158
0.118748
0.121803
0.086690
0.096075
0.118580
0.342455
0.438546
0.372095
0.186147
0.221168
0.820809
0.831812
0.840940
0.848129
0.810547
0.810571
0.834532
0.834567
0.242020
0.470186
0.483042
0.384605
0.360630
0.230615
0.216472
0.213274
0.592091
0.481363
0.657008
0.488165
0.486257
0.496579
0.415832
0.478429
0.382767
0.581665
0.562883
0.505438
0.513911
0.481271
0.365929
0.578793
0.518217
0.486774
0.578440
0.492155
0.759813
0.829670
0.589366
0.465695
0.741120
0.574910
0.422469
0.805339
0.814155
0.810270
