0.161365
0.365137
0.114549
0.102917
0.092882
0.077808
0.235371
0.111581
0.088520
0.205876
0.162375
0.344702
0.083891
0.071259
0.098947
0.209570
0.074701
0.102003
0.150760
0.178295
0.275027
0.451358
0.239652
0.259191
0.447963
0.462499
0.522778
0.849552
0.190907
0.286163
0.415802
0.252254
0.409488
0.238142
0.246830
0.490049
0.490498
0.617464
0.649350
0.476552
0.585039
0.512642
0.448920
0.704870
0.531282
0.566386
0.615632
0.526495
0.574150
0.483372
0.575846
0.479517
0.617206
0.516381
0.710063
0.468232
0.576515
0.585544
0.806695
