0.379592
0.310970
0.257792
0.219292
0.314502
0.271162
0.294374
0.278017
0.299535
0.190290
0.398606
0.223677
0.369286
0.237576
0.344793
0.405840
0.293990
0.238528
0.079280
0.183884
0.163885
0.245664
0.258478
0.086025
0.270882
0.283861
0.155145
0.259595
0.375547
0.443683
0.512435
0.238348
0.242783
0.760794
0.796113
0.763938
0.589837
0.781762
0.828141
0.828233
0.278575
0.257346
0.555875
0.405441
0.547610
0.561721
0.436039
0.379346
0.292117
0.241712
0.688737
0.624035
0.644661
0.713598
0.742332
0.743393
0.723592
0.750235
0.693979
0.681306
0.559433
0.636950
0.600299
0.621319
0.687011
0.658650
0.708592
0.666027
0.658372
0.669150
0.523606
0.536729
0.565726
0.404988
0.587128
0.425644
0.628019
0.626482
0.588887
0.500904
0.635890
0.512435
0.597172
0.530990
0.600400
0.426794
0.808181
0.664010
0.824751
