0.122743
0.299048
0.216810
0.290881
0.261427
0.300823
0.301614
0.277760
0.310178
0.423077
0.209962
0.295528
0.250572
0.398583
0.343856
0.376196
0.406659
0.346233
0.445988
0.164075
0.231545
0.295467
0.210148
0.263059
0.340125
0.245838
0.267684
0.262719
0.330082
0.214143
0.267258
0.282925
0.351411
0.322634
0.366636
0.357215
0.079128
0.129961
0.151449
0.130143
0.340658
0.078684
0.266467
0.177903
0.184451
0.261196
0.256584
0.192690
0.245635
0.224504
0.128315
0.219731
0.233579
0.243238
0.252306
0.278425
0.307831
0.290141
0.093017
0.102103
0.145830
0.124668
0.125133
0.248188
0.266882
0.131244
0.131745
0.255354
0.272099
0.274934
0.100693
0.111241
0.278601
0.253710
0.183223
0.209345
0.220665
0.306838
0.311111
0.317078
0.248908
0.276578
0.070440
0.084541
0.205500
0.434112
0.202711
0.208720
0.214554
0.193499
0.199788
0.208183
0.287052
0.291897
0.273261
0.573899
0.545277
0.414802
0.516124
0.203527
0.414075
0.515266
0.203084
0.491390
0.372853
0.195060
0.427209
0.525001
0.237969
0.165958
0.183300
0.198246
0.226104
0.243951
0.276337
0.265262
0.238791
0.197661
0.521693
0.353669
0.377152
0.313616
0.545977
0.307872
0.834900
0.849948
0.837562
0.841388
0.817104
0.833739
0.756401
0.758744
0.836037
0.827937
0.827338
0.836131
0.844974
0.844456
0.833433
0.275192
0.277879
0.444728
0.391185
0.186425
0.192027
0.201233
0.208704
0.214398
0.218584
0.270387
0.274797
0.260340
0.535691
0.620037
0.295967
0.574824
0.521862
0.607068
0.302314
0.509877
0.593507
0.305816
0.219953
0.236392
0.242348
0.272342
0.260574
0.287715
0.313093
0.318911
0.326409
0.263815
0.356620
0.280562
0.229569
0.415321
0.435424
0.354654
0.537595
0.553638
0.442735
0.518226
0.530184
0.320749
0.719518
0.666054
0.695452
0.548014
0.679137
0.596790
0.682890
0.601329
0.681159
0.527872
0.544216
0.534216
0.643449
0.577841
0.603643
0.326168
0.694370
0.415600
0.592977
0.536099
0.486614
0.384693
0.525995
0.510331
0.591012
0.594463
0.667996
0.479959
0.582848
0.593523
0.619026
0.463192
0.721634
0.673109
0.458595
0.619189
0.527347
0.698183
0.550330
0.525722
0.590681
0.545247
0.603153
0.278451
0.578104
0.539245
0.593204
0.283921
0.657989
0.343445
0.552815
0.435167
0.592554
0.539211
0.508815
0.444868
0.463604
0.544804
0.486321
0.574688
0.593501
0.668606
0.426188
0.455218
0.651693
0.603333
0.553655
0.538715
0.661366
0.639460
0.573884
0.643720
0.568749
0.550744
0.600394
0.541272
0.406341
0.633845
0.576220
0.444059
0.561938
0.530926
0.606527
0.608893
0.587390
0.549546
0.678285
0.521310
0.656287
0.490133
0.630689
0.489456
0.629925
0.457064
0.606885
0.422893
0.575865
0.464417
0.621912
0.477999
0.618448
0.546100
0.409927
0.663067
0.527938
0.489452
0.489387
0.614302
0.618221
0.602116
0.480633
0.468710
0.533811
0.536204
0.598920
0.598918
0.534864
0.534863
0.534612
0.548708
0.548673
0.677885
0.723087
0.706194
0.831264
0.385458
0.812453
0.836473
0.834524
0.531502
0.595950
0.767830
0.410351
0.573902
0.550653
0.426160
0.513760
0.695458
0.735000
0.760604
0.764540
0.590630
0.620579
0.531875
0.661895
0.676059
0.725668
0.724851
0.769764
0.710818
0.522144
0.515586
0.509477
0.535936
0.530079
0.522860
0.815830
0.506804
0.532951
0.411630
0.569454
0.673548
0.614698
0.615284
0.605042
0.647452
0.699710
0.614342
0.789223
0.806622
0.842557
0.682543
0.834301
