0.175431
0.326851
0.278400
0.358478
0.175220
0.297501
0.273827
0.343115
0.329193
0.404140
0.205915
0.349609
0.340753
0.286129
0.182691
0.171676
0.317009
0.334041
0.343836
0.354464
0.346710
0.356590
0.383755
0.154874
0.260329
0.200365
0.156688
0.285246
0.163100
0.089889
0.303934
0.212223
0.288947
0.092313
0.291406
0.226295
0.290222
0.164698
0.194615
0.342176
0.385752
0.103084
0.113607
0.269905
0.179697
0.305061
0.249483
0.291579
0.257214
0.340379
0.072745
0.090199
0.215138
0.086342
0.266410
0.348732
0.092999
0.214483
0.288689
0.268398
0.222380
0.243160
0.213256
0.246324
0.216636
0.201961
0.284677
0.176214
0.145054
0.168691
0.329321
0.428410
0.283278
0.234047
0.389721
0.335747
0.281013
0.366714
0.360425
0.372609
0.375359
0.387299
0.505508
0.318976
0.340334
0.463593
0.178945
0.294349
0.312793
0.534418
0.210627
0.342838
0.363308
0.504224
0.186757
0.318366
0.338919
0.233944
0.509992
0.377198
0.485765
0.408682
0.206303
0.236107
0.229500
0.724284
0.759701
0.321785
0.269905
0.283227
0.250095
0.327355
0.333434
0.264134
0.353840
0.226804
0.185047
0.199883
0.297671
0.380419
0.257700
0.216014
0.218249
0.435611
0.377556
0.402543
0.453257
0.449177
0.470862
0.381256
0.392134
0.434382
0.166398
0.276935
0.294771
0.462710
0.185717
0.297093
0.314952
0.477223
0.195631
0.307106
0.324980
0.237472
0.602792
0.255885
0.399865
0.421611
0.564303
0.420529
0.192185
0.234725
0.402213
0.456412
0.492441
0.252757
0.276159
0.277749
0.679552
0.267495
0.238537
0.436720
0.704481
0.698064
0.745680
0.549327
0.534877
0.516300
0.669746
0.585695
0.601853
0.486564
0.501788
0.524479
0.536373
0.662780
0.582682
0.585846
0.685340
0.726336
0.611357
0.629748
0.500514
0.505769
0.588003
0.530230
0.601199
0.578910
0.579977
0.640529
0.543690
0.548621
0.465545
0.607277
0.622279
0.491423
0.555414
0.560237
0.540158
0.435960
0.458486
0.703047
0.622480
0.492902
0.490257
0.634541
0.544289
0.526084
0.660605
0.831905
0.791254
0.674933
0.542644
0.461021
0.821014
0.508348
0.501182
0.775296
0.735632
0.721514
0.583162
0.488882
0.640184
0.475416
0.672813
0.832360
0.768554
0.768559
0.627934
0.543765
0.439219
0.536720
0.361979
0.840190
0.761789
0.530897
0.396033
0.596720
0.627615
0.813222
0.353907
0.701723
0.591386
0.153200
0.165453
0.399681
0.592260
0.346538
0.594556
0.479683
0.498625
0.501960
0.470764
0.496060
0.696431
0.752426
0.435753
0.748801
0.653523
0.493076
0.518495
0.709595
0.751984
0.430937
0.748139
0.651885
0.827546
0.827784
0.805801
0.697265
0.815929
0.797777
0.648278
0.741520
0.555930
0.816715
0.766659
